########################
###Results for flow 0###
########################
╒════════════════════════════════════════════════════════════════════════════════════════════════════════════════════════════════════════════════════════════════════════════════════════════════════════════════════╤══════════════╤══════════════════════╕
│ Edges Kept                                                                                                                                                                                                         │   Delay (µs) │   Elapsed Time (min) │
╞════════════════════════════════════════════════════════════════════════════════════════════════════════════════════════════════════════════════════════════════════════════════════════════════════════════════════╪══════════════╪══════════════════════╡
│ [(0, 1), (1, 2), (2, 3), (3, 4), (4, 5), (6, 7), (7, 8), (8, 9), (9, 10), (10, 11), (11, 12), (12, 13), (14, 15), (15, 16), (16, 17), (17, 18), (18, 19), (19, 20), (20, 21), (21, 22), (22, 23), (23, 0)]         │       318.27 │            176.999   │
├────────────────────────────────────────────────────────────────────────────────────────────────────────────────────────────────────────────────────────────────────────────────────────────────────────────────────┼──────────────┼──────────────────────┤
│ [(1, 2), (2, 3), (3, 4), (4, 5), (5, 6), (6, 7), (7, 8), (8, 9), (9, 10), (10, 11), (11, 12), (12, 13), (13, 14), (14, 15), (16, 17), (18, 19), (19, 20), (20, 21), (21, 22), (22, 23), (23, 0)]                   │       318.29 │            136.241   │
├────────────────────────────────────────────────────────────────────────────────────────────────────────────────────────────────────────────────────────────────────────────────────────────────────────────────────┼──────────────┼──────────────────────┤
│ [(2, 3), (3, 4), (4, 5), (5, 6), (6, 7), (7, 8), (8, 9), (9, 10), (10, 11), (11, 12), (12, 13), (13, 14), (14, 15), (17, 18), (19, 20), (20, 21), (21, 22), (22, 23), (23, 0)]                                     │       323.47 │             84.3644  │
├────────────────────────────────────────────────────────────────────────────────────────────────────────────────────────────────────────────────────────────────────────────────────────────────────────────────────┼──────────────┼──────────────────────┤
│ [(0, 1), (1, 2), (2, 3), (3, 4), (4, 5), (5, 6), (6, 7), (8, 9), (9, 10), (10, 11), (11, 12), (12, 13), (13, 14), (14, 15), (15, 16), (17, 18), (18, 19), (19, 20), (20, 21), (22, 23), (23, 0)]                   │       324.91 │             26.1529  │
├────────────────────────────────────────────────────────────────────────────────────────────────────────────────────────────────────────────────────────────────────────────────────────────────────────────────────┼──────────────┼──────────────────────┤
│ [(0, 1), (1, 2), (2, 3), (3, 4), (4, 5), (6, 7), (8, 9), (9, 10), (10, 11), (11, 12), (12, 13), (13, 14), (14, 15), (15, 16), (17, 18), (18, 19), (19, 20), (20, 21), (21, 22), (22, 23)]                          │       327.1  │             19.1768  │
├────────────────────────────────────────────────────────────────────────────────────────────────────────────────────────────────────────────────────────────────────────────────────────────────────────────────────┼──────────────┼──────────────────────┤
│ [(0, 1), (1, 2), (2, 3), (3, 4), (4, 5), (5, 6), (6, 7), (7, 8), (10, 11), (11, 12), (12, 13), (13, 14), (14, 15), (15, 16), (16, 17), (19, 20), (21, 22), (23, 0)]                                                │       330.2  │             19.0832  │
├────────────────────────────────────────────────────────────────────────────────────────────────────────────────────────────────────────────────────────────────────────────────────────────────────────────────────┼──────────────┼──────────────────────┤
│ [(0, 1), (1, 2), (2, 3), (3, 4), (4, 5), (5, 6), (6, 7), (7, 8), (8, 9), (10, 11), (11, 12), (12, 13), (16, 17), (17, 18), (18, 19), (19, 20), (20, 21), (23, 0)]                                                  │       330.28 │             19.52    │
├────────────────────────────────────────────────────────────────────────────────────────────────────────────────────────────────────────────────────────────────────────────────────────────────────────────────────┼──────────────┼──────────────────────┤
│ [(0, 1), (1, 2), (3, 4), (4, 5), (6, 7), (8, 9), (9, 10), (10, 11), (11, 12), (12, 13), (14, 15), (15, 16), (16, 17), (17, 18), (18, 19), (19, 20), (20, 21), (21, 22), (22, 23)]                                  │       330.94 │             88.1674  │
├────────────────────────────────────────────────────────────────────────────────────────────────────────────────────────────────────────────────────────────────────────────────────────────────────────────────────┼──────────────┼──────────────────────┤
│ [(0, 1), (1, 2), (2, 3), (3, 4), (4, 5), (5, 6), (6, 7), (7, 8), (9, 10), (11, 12), (12, 13), (14, 15), (15, 16), (16, 17), (17, 18), (18, 19), (19, 20), (21, 22), (23, 0)]                                       │       331.28 │             17.2771  │
├────────────────────────────────────────────────────────────────────────────────────────────────────────────────────────────────────────────────────────────────────────────────────────────────────────────────────┼──────────────┼──────────────────────┤
│ [(0, 1), (1, 2), (2, 3), (3, 4), (4, 5), (6, 7), (7, 8), (8, 9), (9, 10), (11, 12), (12, 13), (14, 15), (15, 16), (16, 17), (17, 18), (19, 20), (21, 22), (23, 0)]                                                 │       338.82 │              9.58802 │
├────────────────────────────────────────────────────────────────────────────────────────────────────────────────────────────────────────────────────────────────────────────────────────────────────────────────────┼──────────────┼──────────────────────┤
│ [(0, 1), (1, 2), (3, 4), (6, 7), (8, 9), (9, 10), (10, 11), (12, 13), (13, 14), (14, 15), (15, 16), (16, 17), (17, 18), (19, 20), (20, 21)]                                                                        │       342.66 │              7.43929 │
├────────────────────────────────────────────────────────────────────────────────────────────────────────────────────────────────────────────────────────────────────────────────────────────────────────────────────┼──────────────┼──────────────────────┤
│ [(0, 1), (2, 3), (4, 5), (5, 6), (6, 7), (7, 8), (8, 9), (10, 11), (13, 14), (15, 16), (16, 17), (17, 18), (19, 20), (20, 21), (21, 22)]                                                                           │       344.08 │              6.29419 │
├────────────────────────────────────────────────────────────────────────────────────────────────────────────────────────────────────────────────────────────────────────────────────────────────────────────────────┼──────────────┼──────────────────────┤
│ [(0, 1), (1, 2), (3, 4), (4, 5), (6, 7), (7, 8), (10, 11), (11, 12), (12, 13), (16, 17), (19, 20), (20, 21), (21, 22), (22, 23), (23, 0)]                                                                          │       344.26 │              8.41947 │
├────────────────────────────────────────────────────────────────────────────────────────────────────────────────────────────────────────────────────────────────────────────────────────────────────────────────────┼──────────────┼──────────────────────┤
│ [(1, 2), (3, 4), (4, 5), (5, 6), (6, 7), (9, 10), (10, 11), (11, 12), (13, 14), (14, 15), (15, 16), (17, 18), (18, 19), (19, 20), (22, 23)]                                                                        │       344.4  │              6.33859 │
├────────────────────────────────────────────────────────────────────────────────────────────────────────────────────────────────────────────────────────────────────────────────────────────────────────────────────┼──────────────┼──────────────────────┤
│ [(0, 1), (1, 2), (2, 3), (3, 4), (4, 5), (7, 8), (9, 10), (10, 11), (17, 18), (18, 19), (19, 20), (22, 23), (23, 0)]                                                                                               │       344.99 │             23.9323  │
├────────────────────────────────────────────────────────────────────────────────────────────────────────────────────────────────────────────────────────────────────────────────────────────────────────────────────┼──────────────┼──────────────────────┤
│ [(0, 1), (3, 4), (4, 5), (6, 7), (8, 9), (10, 11), (11, 12), (13, 14), (14, 15), (15, 16), (16, 17), (17, 18), (20, 21), (21, 22), (23, 0)]                                                                        │       345.77 │              6.08432 │
├────────────────────────────────────────────────────────────────────────────────────────────────────────────────────────────────────────────────────────────────────────────────────────────────────────────────────┼──────────────┼──────────────────────┤
│ [(0, 1), (3, 4), (4, 5), (8, 9), (11, 12), (12, 13), (13, 14), (14, 15), (16, 17), (17, 18), (20, 21), (21, 22), (22, 23), (23, 0)]                                                                                │       346.01 │              6.75831 │
├────────────────────────────────────────────────────────────────────────────────────────────────────────────────────────────────────────────────────────────────────────────────────────────────────────────────────┼──────────────┼──────────────────────┤
│ [(0, 1), (1, 2), (2, 3), (6, 7), (8, 9), (9, 10), (10, 11), (11, 12), (14, 15), (15, 16), (16, 17), (18, 19), (21, 22), (23, 0)]                                                                                   │       346.15 │              6.03782 │
├────────────────────────────────────────────────────────────────────────────────────────────────────────────────────────────────────────────────────────────────────────────────────────────────────────────────────┼──────────────┼──────────────────────┤
│ [(0, 1), (1, 2), (2, 3), (4, 5), (6, 7), (7, 8), (9, 10), (11, 12), (13, 14), (15, 16), (16, 17), (19, 20), (21, 22), (22, 23), (23, 0)]                                                                           │       347.2  │              6.0956  │
├────────────────────────────────────────────────────────────────────────────────────────────────────────────────────────────────────────────────────────────────────────────────────────────────────────────────────┼──────────────┼──────────────────────┤
│ [(1, 2), (3, 4), (4, 5), (5, 6), (6, 7), (12, 13), (13, 14), (14, 15), (16, 17), (21, 22), (22, 23)]                                                                                                               │       348.8  │              4.43961 │
├────────────────────────────────────────────────────────────────────────────────────────────────────────────────────────────────────────────────────────────────────────────────────────────────────────────────────┼──────────────┼──────────────────────┤
│ [(1, 2), (5, 6), (6, 7), (7, 8), (8, 9), (9, 10), (15, 16), (17, 18), (18, 19), (20, 21)]                                                                                                                          │       348.98 │              4.42289 │
├────────────────────────────────────────────────────────────────────────────────────────────────────────────────────────────────────────────────────────────────────────────────────────────────────────────────────┼──────────────┼──────────────────────┤
│ [(0, 1), (4, 5), (5, 6), (7, 8), (8, 9), (9, 10), (12, 13), (15, 16), (16, 17), (18, 19), (19, 20), (20, 21), (23, 0)]                                                                                             │       349.07 │              4.72486 │
├────────────────────────────────────────────────────────────────────────────────────────────────────────────────────────────────────────────────────────────────────────────────────────────────────────────────────┼──────────────┼──────────────────────┤
│ [(1, 2), (3, 4), (8, 9), (9, 10), (11, 12), (12, 13), (13, 14), (15, 16), (16, 17), (17, 18), (19, 20), (21, 22)]                                                                                                  │       349.7  │              4.06004 │
├────────────────────────────────────────────────────────────────────────────────────────────────────────────────────────────────────────────────────────────────────────────────────────────────────────────────────┼──────────────┼──────────────────────┤
│ [(1, 2), (3, 4), (9, 10), (10, 11), (13, 14), (15, 16), (16, 17), (17, 18), (18, 19), (21, 22)]                                                                                                                    │       350.69 │              3.66645 │
├────────────────────────────────────────────────────────────────────────────────────────────────────────────────────────────────────────────────────────────────────────────────────────────────────────────────────┼──────────────┼──────────────────────┤
│ [(2, 3), (6, 7), (7, 8), (8, 9), (11, 12), (13, 14), (14, 15), (15, 16), (18, 19)]                                                                                                                                 │       351.74 │              3.41983 │
├────────────────────────────────────────────────────────────────────────────────────────────────────────────────────────────────────────────────────────────────────────────────────────────────────────────────────┼──────────────┼──────────────────────┤
│ [(1, 2), (2, 3), (4, 5), (6, 7), (8, 9), (9, 10), (13, 14), (16, 17), (18, 19), (19, 20), (22, 23), (23, 0)]                                                                                                       │       351.86 │              3.62165 │
├────────────────────────────────────────────────────────────────────────────────────────────────────────────────────────────────────────────────────────────────────────────────────────────────────────────────────┼──────────────┼──────────────────────┤
│ [(1, 2), (2, 3), (5, 6), (8, 9), (10, 11), (11, 12), (18, 19), (19, 20), (21, 22), (22, 23)]                                                                                                                       │       352.12 │              3.29045 │
├────────────────────────────────────────────────────────────────────────────────────────────────────────────────────────────────────────────────────────────────────────────────────────────────────────────────────┼──────────────┼──────────────────────┤
│ [(1, 2), (4, 5), (5, 6), (7, 8), (9, 10), (10, 11), (12, 13), (13, 14), (22, 23)]                                                                                                                                  │       353.07 │              2.97525 │
├────────────────────────────────────────────────────────────────────────────────────────────────────────────────────────────────────────────────────────────────────────────────────────────────────────────────────┼──────────────┼──────────────────────┤
│ [(2, 3), (3, 4), (4, 5), (9, 10), (10, 11), (17, 18), (19, 20), (22, 23)]                                                                                                                                          │       353.19 │              3.00686 │
├────────────────────────────────────────────────────────────────────────────────────────────────────────────────────────────────────────────────────────────────────────────────────────────────────────────────────┼──────────────┼──────────────────────┤
│ [(0, 1), (2, 3), (3, 4), (5, 6), (8, 9), (12, 13), (15, 16), (22, 23), (23, 0)]                                                                                                                                    │       354.08 │              3.17629 │
├────────────────────────────────────────────────────────────────────────────────────────────────────────────────────────────────────────────────────────────────────────────────────────────────────────────────────┼──────────────┼──────────────────────┤
│ [(3, 4), (6, 7), (9, 10), (10, 11), (14, 15), (17, 18), (20, 21), (22, 23), (23, 0)]                                                                                                                               │       354.29 │              2.74074 │
├────────────────────────────────────────────────────────────────────────────────────────────────────────────────────────────────────────────────────────────────────────────────────────────────────────────────────┼──────────────┼──────────────────────┤
│ [(0, 1), (3, 4), (5, 6), (7, 8), (8, 9), (10, 11), (11, 12)]                                                                                                                                                       │       354.56 │              2.54904 │
├────────────────────────────────────────────────────────────────────────────────────────────────────────────────────────────────────────────────────────────────────────────────────────────────────────────────────┼──────────────┼──────────────────────┤
│ [(0, 1), (1, 2), (3, 4), (12, 13), (16, 17), (17, 18), (22, 23)]                                                                                                                                                   │       354.56 │              2.57192 │
├────────────────────────────────────────────────────────────────────────────────────────────────────────────────────────────────────────────────────────────────────────────────────────────────────────────────────┼──────────────┼──────────────────────┤
│ [(3, 4), (4, 5), (9, 10), (19, 20)]                                                                                                                                                                                │       356.57 │              2.07202 │
├────────────────────────────────────────────────────────────────────────────────────────────────────────────────────────────────────────────────────────────────────────────────────────────────────────────────────┼──────────────┼──────────────────────┤
│ [(1, 2), (2, 3), (17, 18), (22, 23)]                                                                                                                                                                               │       356.57 │              2.04675 │
├────────────────────────────────────────────────────────────────────────────────────────────────────────────────────────────────────────────────────────────────────────────────────────────────────────────────────┼──────────────┼──────────────────────┤
│ [(0, 1), (14, 15), (17, 18), (22, 23)]                                                                                                                                                                             │       357    │              1.8418  │
├────────────────────────────────────────────────────────────────────────────────────────────────────────────────────────────────────────────────────────────────────────────────────────────────────────────────────┼──────────────┼──────────────────────┤
│ [(11, 12), (14, 15), (16, 17), (20, 21)]                                                                                                                                                                           │       357    │              1.84758 │
├────────────────────────────────────────────────────────────────────────────────────────────────────────────────────────────────────────────────────────────────────────────────────────────────────────────────────┼──────────────┼──────────────────────┤
│ [(2, 3), (7, 8), (8, 9)]                                                                                                                                                                                           │       357.08 │              1.90042 │
├────────────────────────────────────────────────────────────────────────────────────────────────────────────────────────────────────────────────────────────────────────────────────────────────────────────────────┼──────────────┼──────────────────────┤
│ [(12, 13), (19, 20)]                                                                                                                                                                                               │       358.22 │              1.65518 │
├────────────────────────────────────────────────────────────────────────────────────────────────────────────────────────────────────────────────────────────────────────────────────────────────────────────────────┼──────────────┼──────────────────────┤
│ [(4, 5), (21, 22)]                                                                                                                                                                                                 │       358.22 │              1.68535 │
├────────────────────────────────────────────────────────────────────────────────────────────────────────────────────────────────────────────────────────────────────────────────────────────────────────────────────┼──────────────┼──────────────────────┤
│ [(9, 10), (20, 21)]                                                                                                                                                                                                │       358.22 │              1.65374 │
├────────────────────────────────────────────────────────────────────────────────────────────────────────────────────────────────────────────────────────────────────────────────────────────────────────────────────┼──────────────┼──────────────────────┤
│ [(8, 9), (15, 16)]                                                                                                                                                                                                 │       358.22 │              1.66575 │
├────────────────────────────────────────────────────────────────────────────────────────────────────────────────────────────────────────────────────────────────────────────────────────────────────────────────────┼──────────────┼──────────────────────┤
│ [(12, 13), (23, 0)]                                                                                                                                                                                                │       358.66 │              1.62926 │
├────────────────────────────────────────────────────────────────────────────────────────────────────────────────────────────────────────────────────────────────────────────────────────────────────────────────────┼──────────────┼──────────────────────┤
│ [(6, 7), (23, 0)]                                                                                                                                                                                                  │       358.66 │              1.6689  │
├────────────────────────────────────────────────────────────────────────────────────────────────────────────────────────────────────────────────────────────────────────────────────────────────────────────────────┼──────────────┼──────────────────────┤
│ [(6, 7)]                                                                                                                                                                                                           │       358.75 │              1.55204 │
├────────────────────────────────────────────────────────────────────────────────────────────────────────────────────────────────────────────────────────────────────────────────────────────────────────────────────┼──────────────┼──────────────────────┤
│ [(1, 2)]                                                                                                                                                                                                           │       358.75 │              1.59829 │
├────────────────────────────────────────────────────────────────────────────────────────────────────────────────────────────────────────────────────────────────────────────────────────────────────────────────────┼──────────────┼──────────────────────┤
│ []                                                                                                                                                                                                                 │       359.28 │              1.45719 │
├────────────────────────────────────────────────────────────────────────────────────────────────────────────────────────────────────────────────────────────────────────────────────────────────────────────────────┼──────────────┼──────────────────────┤
│ [(0, 1), (1, 2), (2, 3), (3, 4), (5, 6), (6, 7), (7, 8), (8, 9), (9, 10), (10, 11), (11, 12), (12, 13), (13, 14), (14, 15), (15, 16), (16, 17), (17, 18), (18, 19), (20, 21), (21, 22), (22, 23), (23, 0)]         │       inf    │            367.109   │
├────────────────────────────────────────────────────────────────────────────────────────────────────────────────────────────────────────────────────────────────────────────────────────────────────────────────────┼──────────────┼──────────────────────┤
│ [(0, 1), (1, 2), (2, 3), (3, 4), (4, 5), (5, 6), (6, 7), (7, 8), (8, 9), (9, 10), (10, 11), (11, 12), (12, 13), (14, 15), (15, 16), (16, 17), (17, 18), (18, 19), (19, 20), (20, 21), (21, 22), (22, 23), (23, 0)] │       inf    │            380.84    │
├────────────────────────────────────────────────────────────────────────────────────────────────────────────────────────────────────────────────────────────────────────────────────────────────────────────────────┼──────────────┼──────────────────────┤
│ [(0, 1), (1, 2), (2, 3), (3, 4), (4, 5), (5, 6), (6, 7), (7, 8), (8, 9), (9, 10), (10, 11), (11, 12), (12, 13), (13, 14), (14, 15), (15, 16), (16, 17), (17, 18), (18, 19), (19, 20), (20, 21), (22, 23), (23, 0)] │       inf    │            120.39    │
╘════════════════════════════════════════════════════════════════════════════════════════════════════════════════════════════════════════════════════════════════════════════════════════════════════════════════════╧══════════════╧══════════════════════╛

