########################
###Results for flow 0###
########################
╒══════════════════════════════════════════════════════════════════════════════════════════════════════════════════════════════════════════════════════════════════════════════╤══════════════╤══════════════════════╕
│ Edges Kept                                                                                                                                                                   │   Delay (µs) │   Elapsed Time (min) │
╞══════════════════════════════════════════════════════════════════════════════════════════════════════════════════════════════════════════════════════════════════════════════╪══════════════╪══════════════════════╡
│ [(0, 1), (1, 2), (3, 4), (4, 5), (5, 6), (6, 7), (7, 8), (8, 9), (9, 10), (10, 11), (12, 13), (13, 14), (14, 15), (15, 16), (16, 17), (17, 18)]                              │       269.32 │             5.83406  │
├──────────────────────────────────────────────────────────────────────────────────────────────────────────────────────────────────────────────────────────────────────────────┼──────────────┼──────────────────────┤
│ [(0, 1), (1, 2), (2, 3), (3, 4), (4, 5), (5, 6), (6, 7), (7, 8), (9, 10), (11, 12), (12, 13), (13, 14), (14, 15), (15, 16), (17, 18), (18, 19)]                              │       271.26 │             5.05869  │
├──────────────────────────────────────────────────────────────────────────────────────────────────────────────────────────────────────────────────────────────────────────────┼──────────────┼──────────────────────┤
│ [(0, 1), (3, 4), (4, 5), (7, 8), (8, 9), (9, 10), (10, 11), (11, 12), (13, 14), (14, 15), (15, 16), (16, 17), (17, 18), (18, 19), (19, 0)]                                   │       275.12 │             4.99635  │
├──────────────────────────────────────────────────────────────────────────────────────────────────────────────────────────────────────────────────────────────────────────────┼──────────────┼──────────────────────┤
│ [(1, 2), (2, 3), (3, 4), (4, 5), (5, 6), (6, 7), (8, 9), (9, 10), (10, 11), (11, 12), (13, 14), (14, 15), (15, 16), (17, 18), (18, 19), (19, 0)]                             │       275.63 │             3.68893  │
├──────────────────────────────────────────────────────────────────────────────────────────────────────────────────────────────────────────────────────────────────────────────┼──────────────┼──────────────────────┤
│ [(1, 2), (3, 4), (4, 5), (5, 6), (6, 7), (7, 8), (8, 9), (9, 10), (12, 13), (13, 14), (15, 16), (16, 17)]                                                                    │       280.23 │             5.5743   │
├──────────────────────────────────────────────────────────────────────────────────────────────────────────────────────────────────────────────────────────────────────────────┼──────────────┼──────────────────────┤
│ [(0, 1), (2, 3), (3, 4), (5, 6), (6, 7), (11, 12), (12, 13), (13, 14), (17, 18)]                                                                                             │       289.39 │             1.30351  │
├──────────────────────────────────────────────────────────────────────────────────────────────────────────────────────────────────────────────────────────────────────────────┼──────────────┼──────────────────────┤
│ [(1, 2), (11, 12), (12, 13), (13, 14), (14, 15), (17, 18), (18, 19)]                                                                                                         │       289.57 │             1.3025   │
├──────────────────────────────────────────────────────────────────────────────────────────────────────────────────────────────────────────────────────────────────────────────┼──────────────┼──────────────────────┤
│ [(0, 1), (2, 3), (6, 7), (7, 8), (9, 10), (11, 12), (17, 18), (19, 0)]                                                                                                       │       292.41 │             1.04508  │
├──────────────────────────────────────────────────────────────────────────────────────────────────────────────────────────────────────────────────────────────────────────────┼──────────────┼──────────────────────┤
│ [(0, 1), (1, 2), (3, 4), (13, 14), (16, 17), (17, 18)]                                                                                                                       │       292.84 │             0.902941 │
├──────────────────────────────────────────────────────────────────────────────────────────────────────────────────────────────────────────────────────────────────────────────┼──────────────┼──────────────────────┤
│ [(1, 2), (5, 6), (6, 7), (8, 9), (15, 16)]                                                                                                                                   │       293.92 │             0.821724 │
├──────────────────────────────────────────────────────────────────────────────────────────────────────────────────────────────────────────────────────────────────────────────┼──────────────┼──────────────────────┤
│ [(0, 1), (9, 10), (13, 14), (15, 16), (16, 17)]                                                                                                                              │       293.92 │             0.824716 │
├──────────────────────────────────────────────────────────────────────────────────────────────────────────────────────────────────────────────────────────────────────────────┼──────────────┼──────────────────────┤
│ [(3, 4), (8, 9), (10, 11), (14, 15), (16, 17)]                                                                                                                               │       294.4  │             0.744094 │
├──────────────────────────────────────────────────────────────────────────────────────────────────────────────────────────────────────────────────────────────────────────────┼──────────────┼──────────────────────┤
│ [(1, 2), (2, 3), (12, 13), (17, 18)]                                                                                                                                         │       294.53 │             0.777886 │
├──────────────────────────────────────────────────────────────────────────────────────────────────────────────────────────────────────────────────────────────────────────────┼──────────────┼──────────────────────┤
│ [(0, 1), (12, 13)]                                                                                                                                                           │       296.22 │             0.63707  │
├──────────────────────────────────────────────────────────────────────────────────────────────────────────────────────────────────────────────────────────────────────────────┼──────────────┼──────────────────────┤
│ [(2, 3), (4, 5)]                                                                                                                                                             │       296.22 │             0.599208 │
├──────────────────────────────────────────────────────────────────────────────────────────────────────────────────────────────────────────────────────────────────────────────┼──────────────┼──────────────────────┤
│ []                                                                                                                                                                           │       297.4  │             0.516439 │
├──────────────────────────────────────────────────────────────────────────────────────────────────────────────────────────────────────────────────────────────────────────────┼──────────────┼──────────────────────┤
│ [(1, 2), (2, 3), (3, 4), (4, 5), (6, 7), (7, 8), (8, 9), (9, 10), (10, 11), (11, 12), (12, 13), (13, 14), (14, 15), (15, 16), (16, 17), (17, 18), (19, 0)]                   │       inf    │            20.0789   │
├──────────────────────────────────────────────────────────────────────────────────────────────────────────────────────────────────────────────────────────────────────────────┼──────────────┼──────────────────────┤
│ [(0, 1), (1, 2), (2, 3), (3, 4), (5, 6), (6, 7), (7, 8), (8, 9), (9, 10), (10, 11), (11, 12), (13, 14), (14, 15), (15, 16), (16, 17), (17, 18), (18, 19), (19, 0)]           │       inf    │            10.0391   │
├──────────────────────────────────────────────────────────────────────────────────────────────────────────────────────────────────────────────────────────────────────────────┼──────────────┼──────────────────────┤
│ [(0, 1), (1, 2), (2, 3), (3, 4), (4, 5), (5, 6), (7, 8), (8, 9), (9, 10), (10, 11), (11, 12), (12, 13), (13, 14), (14, 15), (15, 16), (16, 17), (18, 19), (19, 0)]           │       inf    │            21.6021   │
├──────────────────────────────────────────────────────────────────────────────────────────────────────────────────────────────────────────────────────────────────────────────┼──────────────┼──────────────────────┤
│ [(0, 1), (1, 2), (2, 3), (3, 4), (4, 5), (6, 7), (7, 8), (8, 9), (9, 10), (10, 11), (11, 12), (12, 13), (13, 14), (14, 15), (15, 16), (16, 17), (17, 18), (18, 19), (19, 0)] │       inf    │            10.1289   │
╘══════════════════════════════════════════════════════════════════════════════════════════════════════════════════════════════════════════════════════════════════════════════╧══════════════╧══════════════════════╛

