########################
###Results for flow 0###
########################
╒══════════════╤════════════════════════════════════════════════════════════════════════════════════════════════════════════════════════════════════════════════════════════════════════════════════════════════════════════════════╤══════════════╤══════════════════════╕
│   # of Edges │ Edges Kept                                                                                                                                                                                                         │   Delay (µs) │   Elapsed Time (min) │
╞══════════════╪════════════════════════════════════════════════════════════════════════════════════════════════════════════════════════════════════════════════════════════════════════════════════════════════════════════════════╪══════════════╪══════════════════════╡
│           23 │ [(0, 1), (1, 2), (2, 3), (3, 4), (4, 5), (5, 6), (6, 7), (7, 8), (8, 9), (9, 10), (10, 11), (11, 12), (12, 13), (14, 15), (15, 16), (16, 17), (17, 18), (18, 19), (19, 20), (20, 21), (21, 22), (22, 23), (23, 0)] │       159.02 │            43.0383   │
├──────────────┼────────────────────────────────────────────────────────────────────────────────────────────────────────────────────────────────────────────────────────────────────────────────────────────────────────────────────┼──────────────┼──────────────────────┤
│           23 │ [(0, 1), (1, 2), (2, 3), (3, 4), (4, 5), (5, 6), (6, 7), (7, 8), (8, 9), (9, 10), (10, 11), (11, 12), (12, 13), (13, 14), (14, 15), (15, 16), (16, 17), (17, 18), (18, 19), (19, 20), (20, 21), (22, 23), (23, 0)] │       160.59 │            20.4623   │
├──────────────┼────────────────────────────────────────────────────────────────────────────────────────────────────────────────────────────────────────────────────────────────────────────────────────────────────────────────────┼──────────────┼──────────────────────┤
│           22 │ [(0, 1), (1, 2), (2, 3), (3, 4), (4, 5), (6, 7), (7, 8), (8, 9), (9, 10), (10, 11), (11, 12), (12, 13), (14, 15), (15, 16), (16, 17), (17, 18), (18, 19), (19, 20), (20, 21), (21, 22), (22, 23), (23, 0)]         │       163.98 │             5.33137  │
├──────────────┼────────────────────────────────────────────────────────────────────────────────────────────────────────────────────────────────────────────────────────────────────────────────────────────────────────────────────┼──────────────┼──────────────────────┤
│           21 │ [(1, 2), (2, 3), (3, 4), (4, 5), (5, 6), (6, 7), (7, 8), (8, 9), (9, 10), (10, 11), (11, 12), (12, 13), (13, 14), (14, 15), (16, 17), (18, 19), (19, 20), (20, 21), (21, 22), (22, 23), (23, 0)]                   │       164.12 │             4.077    │
├──────────────┼────────────────────────────────────────────────────────────────────────────────────────────────────────────────────────────────────────────────────────────────────────────────────────────────────────────────────┼──────────────┼──────────────────────┤
│           22 │ [(0, 1), (1, 2), (2, 3), (3, 4), (5, 6), (6, 7), (7, 8), (8, 9), (9, 10), (10, 11), (11, 12), (12, 13), (13, 14), (14, 15), (15, 16), (16, 17), (17, 18), (18, 19), (20, 21), (21, 22), (22, 23), (23, 0)]         │       165.83 │             4.55975  │
├──────────────┼────────────────────────────────────────────────────────────────────────────────────────────────────────────────────────────────────────────────────────────────────────────────────────────────────────────────────┼──────────────┼──────────────────────┤
│           18 │ [(0, 1), (1, 2), (2, 3), (3, 4), (4, 5), (5, 6), (6, 7), (7, 8), (8, 9), (10, 11), (11, 12), (12, 13), (16, 17), (17, 18), (18, 19), (19, 20), (20, 21), (23, 0)]                                                  │       166.08 │             3.28558  │
├──────────────┼────────────────────────────────────────────────────────────────────────────────────────────────────────────────────────────────────────────────────────────────────────────────────────────────────────────────────┼──────────────┼──────────────────────┤
│           21 │ [(0, 1), (1, 2), (2, 3), (3, 4), (4, 5), (5, 6), (6, 7), (8, 9), (9, 10), (10, 11), (11, 12), (12, 13), (13, 14), (14, 15), (15, 16), (17, 18), (18, 19), (19, 20), (20, 21), (22, 23), (23, 0)]                   │       166.28 │             2.2461   │
├──────────────┼────────────────────────────────────────────────────────────────────────────────────────────────────────────────────────────────────────────────────────────────────────────────────────────────────────────────────┼──────────────┼──────────────────────┤
│           19 │ [(2, 3), (3, 4), (4, 5), (5, 6), (6, 7), (7, 8), (8, 9), (9, 10), (10, 11), (11, 12), (12, 13), (13, 14), (14, 15), (17, 18), (19, 20), (20, 21), (21, 22), (22, 23), (23, 0)]                                     │       166.82 │             3.10958  │
├──────────────┼────────────────────────────────────────────────────────────────────────────────────────────────────────────────────────────────────────────────────────────────────────────────────────────────────────────────────┼──────────────┼──────────────────────┤
│           18 │ [(0, 1), (1, 2), (2, 3), (3, 4), (4, 5), (5, 6), (6, 7), (7, 8), (10, 11), (11, 12), (12, 13), (13, 14), (14, 15), (15, 16), (16, 17), (19, 20), (21, 22), (23, 0)]                                                │       168.92 │             1.7752   │
├──────────────┼────────────────────────────────────────────────────────────────────────────────────────────────────────────────────────────────────────────────────────────────────────────────────────────────────────────────────┼──────────────┼──────────────────────┤
│           19 │ [(0, 1), (1, 2), (2, 3), (3, 4), (4, 5), (5, 6), (6, 7), (7, 8), (9, 10), (11, 12), (12, 13), (14, 15), (15, 16), (16, 17), (17, 18), (18, 19), (19, 20), (21, 22), (23, 0)]                                       │       169.16 │             1.61716  │
├──────────────┼────────────────────────────────────────────────────────────────────────────────────────────────────────────────────────────────────────────────────────────────────────────────────────────────────────────────────┼──────────────┼──────────────────────┤
│           18 │ [(0, 1), (1, 2), (2, 3), (3, 4), (4, 5), (6, 7), (7, 8), (8, 9), (9, 10), (11, 12), (12, 13), (14, 15), (15, 16), (16, 17), (17, 18), (19, 20), (21, 22), (23, 0)]                                                 │       171.85 │             0.966949 │
├──────────────┼────────────────────────────────────────────────────────────────────────────────────────────────────────────────────────────────────────────────────────────────────────────────────────────────────────────────────┼──────────────┼──────────────────────┤
│           20 │ [(0, 1), (1, 2), (2, 3), (3, 4), (4, 5), (6, 7), (8, 9), (9, 10), (10, 11), (11, 12), (12, 13), (13, 14), (14, 15), (15, 16), (17, 18), (18, 19), (19, 20), (20, 21), (21, 22), (22, 23)]                          │       171.9  │             1.65032  │
├──────────────┼────────────────────────────────────────────────────────────────────────────────────────────────────────────────────────────────────────────────────────────────────────────────────────────────────────────────────┼──────────────┼──────────────────────┤
│           13 │ [(0, 1), (1, 2), (2, 3), (3, 4), (4, 5), (7, 8), (9, 10), (10, 11), (17, 18), (18, 19), (19, 20), (22, 23), (23, 0)]                                                                                               │       175.14 │             1.32395  │
├──────────────┼────────────────────────────────────────────────────────────────────────────────────────────────────────────────────────────────────────────────────────────────────────────────────────────────────────────────────┼──────────────┼──────────────────────┤
│           19 │ [(0, 1), (1, 2), (3, 4), (4, 5), (6, 7), (8, 9), (9, 10), (10, 11), (11, 12), (12, 13), (14, 15), (15, 16), (16, 17), (17, 18), (18, 19), (19, 20), (20, 21), (21, 22), (22, 23)]                                  │       176.11 │             1.50252  │
├──────────────┼────────────────────────────────────────────────────────────────────────────────────────────────────────────────────────────────────────────────────────────────────────────────────────────────────────────────────┼──────────────┼──────────────────────┤
│           14 │ [(0, 1), (1, 2), (2, 3), (6, 7), (8, 9), (9, 10), (10, 11), (11, 12), (14, 15), (15, 16), (16, 17), (18, 19), (21, 22), (23, 0)]                                                                                   │       177.24 │             0.571006 │
├──────────────┼────────────────────────────────────────────────────────────────────────────────────────────────────────────────────────────────────────────────────────────────────────────────────────────────────────────────────┼──────────────┼──────────────────────┤
│           15 │ [(0, 1), (2, 3), (4, 5), (5, 6), (6, 7), (7, 8), (8, 9), (10, 11), (13, 14), (15, 16), (16, 17), (17, 18), (19, 20), (20, 21), (21, 22)]                                                                           │       177.58 │             0.628294 │
├──────────────┼────────────────────────────────────────────────────────────────────────────────────────────────────────────────────────────────────────────────────────────────────────────────────────────────────────────────────┼──────────────┼──────────────────────┤
│           15 │ [(0, 1), (1, 2), (3, 4), (4, 5), (6, 7), (7, 8), (10, 11), (11, 12), (12, 13), (16, 17), (19, 20), (20, 21), (21, 22), (22, 23), (23, 0)]                                                                          │       177.6  │             0.838075 │
├──────────────┼────────────────────────────────────────────────────────────────────────────────────────────────────────────────────────────────────────────────────────────────────────────────────────────────────────────────────┼──────────────┼──────────────────────┤
│           15 │ [(1, 2), (3, 4), (4, 5), (5, 6), (6, 7), (9, 10), (10, 11), (11, 12), (13, 14), (14, 15), (15, 16), (17, 18), (18, 19), (19, 20), (22, 23)]                                                                        │       177.71 │             0.604898 │
├──────────────┼────────────────────────────────────────────────────────────────────────────────────────────────────────────────────────────────────────────────────────────────────────────────────────────────────────────────────┼──────────────┼──────────────────────┤
│           15 │ [(0, 1), (1, 2), (2, 3), (4, 5), (6, 7), (7, 8), (9, 10), (11, 12), (13, 14), (15, 16), (16, 17), (19, 20), (21, 22), (22, 23), (23, 0)]                                                                           │       178.25 │             0.651806 │
├──────────────┼────────────────────────────────────────────────────────────────────────────────────────────────────────────────────────────────────────────────────────────────────────────────────────────────────────────────────┼──────────────┼──────────────────────┤
│           10 │ [(1, 2), (5, 6), (6, 7), (7, 8), (8, 9), (9, 10), (15, 16), (17, 18), (18, 19), (20, 21)]                                                                                                                          │       179.85 │             0.460613 │
├──────────────┼────────────────────────────────────────────────────────────────────────────────────────────────────────────────────────────────────────────────────────────────────────────────────────────────────────────────────┼──────────────┼──────────────────────┤
│           15 │ [(0, 1), (1, 2), (3, 4), (6, 7), (8, 9), (9, 10), (10, 11), (12, 13), (13, 14), (14, 15), (15, 16), (16, 17), (17, 18), (19, 20), (20, 21)]                                                                        │       181    │             0.709302 │
├──────────────┼────────────────────────────────────────────────────────────────────────────────────────────────────────────────────────────────────────────────────────────────────────────────────────────────────────────────────┼──────────────┼──────────────────────┤
│           13 │ [(0, 1), (4, 5), (5, 6), (7, 8), (8, 9), (9, 10), (12, 13), (15, 16), (16, 17), (18, 19), (19, 20), (20, 21), (23, 0)]                                                                                             │       181.52 │             0.458525 │
├──────────────┼────────────────────────────────────────────────────────────────────────────────────────────────────────────────────────────────────────────────────────────────────────────────────────────────────────────────────┼──────────────┼──────────────────────┤
│           15 │ [(0, 1), (3, 4), (4, 5), (6, 7), (8, 9), (10, 11), (11, 12), (13, 14), (14, 15), (15, 16), (16, 17), (17, 18), (20, 21), (21, 22), (23, 0)]                                                                        │       181.73 │             0.579352 │
├──────────────┼────────────────────────────────────────────────────────────────────────────────────────────────────────────────────────────────────────────────────────────────────────────────────────────────────────────────────┼──────────────┼──────────────────────┤
│           11 │ [(1, 2), (3, 4), (4, 5), (5, 6), (6, 7), (12, 13), (13, 14), (14, 15), (16, 17), (21, 22), (22, 23)]                                                                                                               │       181.89 │             0.468026 │
├──────────────┼────────────────────────────────────────────────────────────────────────────────────────────────────────────────────────────────────────────────────────────────────────────────────────────────────────────────────┼──────────────┼──────────────────────┤
│            7 │ [(0, 1), (3, 4), (5, 6), (7, 8), (8, 9), (10, 11), (11, 12)]                                                                                                                                                       │       182.68 │             0.276157 │
├──────────────┼────────────────────────────────────────────────────────────────────────────────────────────────────────────────────────────────────────────────────────────────────────────────────────────────────────────────────┼──────────────┼──────────────────────┤
│           14 │ [(0, 1), (3, 4), (4, 5), (8, 9), (11, 12), (12, 13), (13, 14), (14, 15), (16, 17), (17, 18), (20, 21), (21, 22), (22, 23), (23, 0)]                                                                                │       182.84 │             0.630227 │
├──────────────┼────────────────────────────────────────────────────────────────────────────────────────────────────────────────────────────────────────────────────────────────────────────────────────────────────────────────────┼──────────────┼──────────────────────┤
│           12 │ [(1, 2), (2, 3), (4, 5), (6, 7), (8, 9), (9, 10), (13, 14), (16, 17), (18, 19), (19, 20), (22, 23), (23, 0)]                                                                                                       │       182.9  │             0.381893 │
├──────────────┼────────────────────────────────────────────────────────────────────────────────────────────────────────────────────────────────────────────────────────────────────────────────────────────────────────────────────┼──────────────┼──────────────────────┤
│            8 │ [(2, 3), (3, 4), (4, 5), (9, 10), (10, 11), (17, 18), (19, 20), (22, 23)]                                                                                                                                          │       182.92 │             0.315537 │
├──────────────┼────────────────────────────────────────────────────────────────────────────────────────────────────────────────────────────────────────────────────────────────────────────────────────────────────────────────────┼──────────────┼──────────────────────┤
│           10 │ [(1, 2), (2, 3), (5, 6), (8, 9), (10, 11), (11, 12), (18, 19), (19, 20), (21, 22), (22, 23)]                                                                                                                       │       183.2  │             0.354697 │
├──────────────┼────────────────────────────────────────────────────────────────────────────────────────────────────────────────────────────────────────────────────────────────────────────────────────────────────────────────────┼──────────────┼──────────────────────┤
│            9 │ [(1, 2), (4, 5), (5, 6), (7, 8), (9, 10), (10, 11), (12, 13), (13, 14), (22, 23)]                                                                                                                                  │       183.42 │             0.317884 │
├──────────────┼────────────────────────────────────────────────────────────────────────────────────────────────────────────────────────────────────────────────────────────────────────────────────────────────────────────────────┼──────────────┼──────────────────────┤
│            9 │ [(2, 3), (6, 7), (7, 8), (8, 9), (11, 12), (13, 14), (14, 15), (15, 16), (18, 19)]                                                                                                                                 │       183.66 │             0.36347  │
├──────────────┼────────────────────────────────────────────────────────────────────────────────────────────────────────────────────────────────────────────────────────────────────────────────────────────────────────────────────┼──────────────┼──────────────────────┤
│            9 │ [(0, 1), (2, 3), (3, 4), (5, 6), (8, 9), (12, 13), (15, 16), (22, 23), (23, 0)]                                                                                                                                    │       183.91 │             0.345104 │
├──────────────┼────────────────────────────────────────────────────────────────────────────────────────────────────────────────────────────────────────────────────────────────────────────────────────────────────────────────────┼──────────────┼──────────────────────┤
│           12 │ [(1, 2), (3, 4), (8, 9), (9, 10), (11, 12), (12, 13), (13, 14), (15, 16), (16, 17), (17, 18), (19, 20), (21, 22)]                                                                                                  │       184.69 │             0.443115 │
├──────────────┼────────────────────────────────────────────────────────────────────────────────────────────────────────────────────────────────────────────────────────────────────────────────────────────────────────────────────┼──────────────┼──────────────────────┤
│            9 │ [(3, 4), (6, 7), (9, 10), (10, 11), (14, 15), (17, 18), (20, 21), (22, 23), (23, 0)]                                                                                                                               │       185.33 │             0.298842 │
├──────────────┼────────────────────────────────────────────────────────────────────────────────────────────────────────────────────────────────────────────────────────────────────────────────────────────────────────────────────┼──────────────┼──────────────────────┤
│           10 │ [(1, 2), (3, 4), (9, 10), (10, 11), (13, 14), (15, 16), (16, 17), (17, 18), (18, 19), (21, 22)]                                                                                                                    │       185.4  │             0.410143 │
├──────────────┼────────────────────────────────────────────────────────────────────────────────────────────────────────────────────────────────────────────────────────────────────────────────────────────────────────────────────┼──────────────┼──────────────────────┤
│            7 │ [(0, 1), (1, 2), (3, 4), (12, 13), (16, 17), (17, 18), (22, 23)]                                                                                                                                                   │       186.38 │             0.291286 │
├──────────────┼────────────────────────────────────────────────────────────────────────────────────────────────────────────────────────────────────────────────────────────────────────────────────────────────────────────────────┼──────────────┼──────────────────────┤
│            4 │ [(3, 4), (4, 5), (9, 10), (19, 20)]                                                                                                                                                                                │       186.53 │             0.225901 │
├──────────────┼────────────────────────────────────────────────────────────────────────────────────────────────────────────────────────────────────────────────────────────────────────────────────────────────────────────────────┼──────────────┼──────────────────────┤
│            3 │ [(2, 3), (7, 8), (8, 9)]                                                                                                                                                                                           │       186.58 │             0.207367 │
├──────────────┼────────────────────────────────────────────────────────────────────────────────────────────────────────────────────────────────────────────────────────────────────────────────────────────────────────────────────┼──────────────┼──────────────────────┤
│            4 │ [(1, 2), (2, 3), (17, 18), (22, 23)]                                                                                                                                                                               │       187.29 │             0.216145 │
├──────────────┼────────────────────────────────────────────────────────────────────────────────────────────────────────────────────────────────────────────────────────────────────────────────────────────────────────────────────┼──────────────┼──────────────────────┤
│            2 │ [(6, 7), (23, 0)]                                                                                                                                                                                                  │       188.72 │             0.182694 │
├──────────────┼────────────────────────────────────────────────────────────────────────────────────────────────────────────────────────────────────────────────────────────────────────────────────────────────────────────────────┼──────────────┼──────────────────────┤
│            4 │ [(0, 1), (14, 15), (17, 18), (22, 23)]                                                                                                                                                                             │       188.79 │             0.212811 │
├──────────────┼────────────────────────────────────────────────────────────────────────────────────────────────────────────────────────────────────────────────────────────────────────────────────────────────────────────────────┼──────────────┼──────────────────────┤
│            4 │ [(11, 12), (14, 15), (16, 17), (20, 21)]                                                                                                                                                                           │       188.82 │             0.209287 │
├──────────────┼────────────────────────────────────────────────────────────────────────────────────────────────────────────────────────────────────────────────────────────────────────────────────────────────────────────────────┼──────────────┼──────────────────────┤
│            2 │ [(4, 5), (21, 22)]                                                                                                                                                                                                 │       188.85 │             0.180781 │
├──────────────┼────────────────────────────────────────────────────────────────────────────────────────────────────────────────────────────────────────────────────────────────────────────────────────────────────────────────────┼──────────────┼──────────────────────┤
│            1 │ [(1, 2)]                                                                                                                                                                                                           │       188.86 │             0.179785 │
├──────────────┼────────────────────────────────────────────────────────────────────────────────────────────────────────────────────────────────────────────────────────────────────────────────────────────────────────────────────┼──────────────┼──────────────────────┤
│            2 │ [(9, 10), (20, 21)]                                                                                                                                                                                                │       188.86 │             0.18969  │
├──────────────┼────────────────────────────────────────────────────────────────────────────────────────────────────────────────────────────────────────────────────────────────────────────────────────────────────────────────────┼──────────────┼──────────────────────┤
│            2 │ [(8, 9), (15, 16)]                                                                                                                                                                                                 │       188.86 │             0.184807 │
├──────────────┼────────────────────────────────────────────────────────────────────────────────────────────────────────────────────────────────────────────────────────────────────────────────────────────────────────────────────┼──────────────┼──────────────────────┤
│            1 │ [(6, 7)]                                                                                                                                                                                                           │       188.86 │             0.177157 │
├──────────────┼────────────────────────────────────────────────────────────────────────────────────────────────────────────────────────────────────────────────────────────────────────────────────────────────────────────────────┼──────────────┼──────────────────────┤
│            2 │ [(12, 13), (23, 0)]                                                                                                                                                                                                │       189.54 │             0.189867 │
├──────────────┼────────────────────────────────────────────────────────────────────────────────────────────────────────────────────────────────────────────────────────────────────────────────────────────────────────────────────┼──────────────┼──────────────────────┤
│            0 │ []                                                                                                                                                                                                                 │       189.67 │             0.165969 │
├──────────────┼────────────────────────────────────────────────────────────────────────────────────────────────────────────────────────────────────────────────────────────────────────────────────────────────────────────────────┼──────────────┼──────────────────────┤
│            2 │ [(12, 13), (19, 20)]                                                                                                                                                                                               │       189.67 │             0.192288 │
╘══════════════╧════════════════════════════════════════════════════════════════════════════════════════════════════════════════════════════════════════════════════════════════════════════════════════════════════════════════════╧══════════════╧══════════════════════╛

