########################
###Results for flow 0###
########################
╒══════════════╤════════════════════════════════════════════════════════════════════════════════════════════════════════════════════════════╤══════════════╤══════════════════════╕
│   # of Edges │ Edges Kept                                                                                                                 │   Delay (µs) │   Elapsed Time (min) │
╞══════════════╪════════════════════════════════════════════════════════════════════════════════════════════════════════════════════════════╪══════════════╪══════════════════════╡
│           13 │ [(0, 1), (1, 2), (2, 3), (3, 4), (4, 5), (5, 6), (6, 7), (7, 8), (9, 10), (10, 11), (12, 13), (13, 14), (14, 0)]           │       169.51 │             58.2208  │
├──────────────┼────────────────────────────────────────────────────────────────────────────────────────────────────────────────────────────┼──────────────┼──────────────────────┤
│           12 │ [(0, 1), (1, 2), (2, 3), (3, 4), (4, 5), (5, 6), (6, 7), (7, 8), (8, 9), (10, 11), (13, 14), (14, 0)]                      │       170.19 │             53.0712  │
├──────────────┼────────────────────────────────────────────────────────────────────────────────────────────────────────────────────────────┼──────────────┼──────────────────────┤
│           13 │ [(0, 1), (1, 2), (2, 3), (4, 5), (5, 6), (6, 7), (7, 8), (8, 9), (10, 11), (11, 12), (12, 13), (13, 14), (14, 0)]          │       170.78 │             31.3314  │
├──────────────┼────────────────────────────────────────────────────────────────────────────────────────────────────────────────────────────┼──────────────┼──────────────────────┤
│           13 │ [(0, 1), (1, 2), (3, 4), (4, 5), (5, 6), (6, 7), (8, 9), (9, 10), (10, 11), (11, 12), (12, 13), (13, 14), (14, 0)]         │       170.83 │             36.0351  │
├──────────────┼────────────────────────────────────────────────────────────────────────────────────────────────────────────────────────────┼──────────────┼──────────────────────┤
│           13 │ [(0, 1), (1, 2), (2, 3), (3, 4), (5, 6), (6, 7), (7, 8), (8, 9), (9, 10), (11, 12), (12, 13), (13, 14), (14, 0)]           │       171.59 │             93.4976  │
├──────────────┼────────────────────────────────────────────────────────────────────────────────────────────────────────────────────────────┼──────────────┼──────────────────────┤
│           11 │ [(0, 1), (1, 2), (2, 3), (3, 4), (5, 6), (6, 7), (9, 10), (10, 11), (12, 13), (13, 14), (14, 0)]                           │       172.02 │             18.1815  │
├──────────────┼────────────────────────────────────────────────────────────────────────────────────────────────────────────────────────────┼──────────────┼──────────────────────┤
│           13 │ [(0, 1), (1, 2), (2, 3), (3, 4), (4, 5), (6, 7), (7, 8), (8, 9), (9, 10), (10, 11), (12, 13), (13, 14), (14, 0)]           │       172.53 │             33.2645  │
├──────────────┼────────────────────────────────────────────────────────────────────────────────────────────────────────────────────────────┼──────────────┼──────────────────────┤
│           12 │ [(0, 1), (1, 2), (2, 3), (3, 4), (4, 5), (6, 7), (7, 8), (8, 9), (9, 10), (11, 12), (12, 13), (13, 14)]                    │       175.32 │             14.9626  │
├──────────────┼────────────────────────────────────────────────────────────────────────────────────────────────────────────────────────────┼──────────────┼──────────────────────┤
│           12 │ [(0, 1), (1, 2), (3, 4), (4, 5), (5, 6), (6, 7), (7, 8), (8, 9), (9, 10), (10, 11), (11, 12), (13, 14)]                    │       175.38 │             30.0618  │
├──────────────┼────────────────────────────────────────────────────────────────────────────────────────────────────────────────────────────┼──────────────┼──────────────────────┤
│            7 │ [(0, 1), (1, 2), (2, 3), (3, 4), (4, 5), (5, 6), (11, 12)]                                                                 │       176.32 │             21.4665  │
├──────────────┼────────────────────────────────────────────────────────────────────────────────────────────────────────────────────────────┼──────────────┼──────────────────────┤
│           10 │ [(0, 1), (1, 2), (2, 3), (3, 4), (6, 7), (8, 9), (11, 12), (12, 13), (13, 14), (14, 0)]                                    │       176.81 │             20.7225  │
├──────────────┼────────────────────────────────────────────────────────────────────────────────────────────────────────────────────────────┼──────────────┼──────────────────────┤
│            9 │ [(0, 1), (1, 2), (2, 3), (3, 4), (4, 5), (7, 8), (8, 9), (11, 12), (14, 0)]                                                │       178.59 │             12.3922  │
├──────────────┼────────────────────────────────────────────────────────────────────────────────────────────────────────────────────────────┼──────────────┼──────────────────────┤
│           10 │ [(1, 2), (3, 4), (4, 5), (5, 6), (6, 7), (7, 8), (8, 9), (11, 12), (13, 14), (14, 0)]                                      │       179.63 │             13.269   │
├──────────────┼────────────────────────────────────────────────────────────────────────────────────────────────────────────────────────────┼──────────────┼──────────────────────┤
│           11 │ [(0, 1), (1, 2), (2, 3), (3, 4), (7, 8), (9, 10), (10, 11), (11, 12), (12, 13), (13, 14), (14, 0)]                         │       180.33 │             68.081   │
├──────────────┼────────────────────────────────────────────────────────────────────────────────────────────────────────────────────────────┼──────────────┼──────────────────────┤
│            9 │ [(0, 1), (1, 2), (2, 3), (4, 5), (6, 7), (7, 8), (11, 12), (12, 13), (13, 14)]                                             │       181.11 │              7.05948 │
├──────────────┼────────────────────────────────────────────────────────────────────────────────────────────────────────────────────────────┼──────────────┼──────────────────────┤
│            9 │ [(1, 2), (3, 4), (4, 5), (5, 6), (6, 7), (7, 8), (9, 10), (12, 13), (13, 14)]                                              │       181.26 │              8.96336 │
├──────────────┼────────────────────────────────────────────────────────────────────────────────────────────────────────────────────────────┼──────────────┼──────────────────────┤
│            7 │ [(2, 3), (3, 4), (4, 5), (5, 6), (6, 7), (9, 10), (12, 13)]                                                                │       181.79 │              7.7927  │
├──────────────┼────────────────────────────────────────────────────────────────────────────────────────────────────────────────────────────┼──────────────┼──────────────────────┤
│            9 │ [(1, 2), (2, 3), (3, 4), (6, 7), (7, 8), (9, 10), (10, 11), (12, 13), (14, 0)]                                             │       184.88 │              6.85564 │
├──────────────┼────────────────────────────────────────────────────────────────────────────────────────────────────────────────────────────┼──────────────┼──────────────────────┤
│            8 │ [(2, 3), (4, 5), (5, 6), (6, 7), (8, 9), (9, 10), (13, 14), (14, 0)]                                                       │       185.16 │              5.61762 │
├──────────────┼────────────────────────────────────────────────────────────────────────────────────────────────────────────────────────────┼──────────────┼──────────────────────┤
│           10 │ [(1, 2), (3, 4), (5, 6), (6, 7), (8, 9), (9, 10), (10, 11), (11, 12), (13, 14), (14, 0)]                                   │       185.47 │              8.16607 │
├──────────────┼────────────────────────────────────────────────────────────────────────────────────────────────────────────────────────────┼──────────────┼──────────────────────┤
│            8 │ [(0, 1), (1, 2), (5, 6), (8, 9), (11, 12), (12, 13), (13, 14), (14, 0)]                                                    │       186.96 │             10.6616  │
├──────────────┼────────────────────────────────────────────────────────────────────────────────────────────────────────────────────────────┼──────────────┼──────────────────────┤
│            8 │ [(0, 1), (2, 3), (3, 4), (5, 6), (7, 8), (9, 10), (10, 11), (11, 12)]                                                      │       187.53 │              5.72615 │
├──────────────┼────────────────────────────────────────────────────────────────────────────────────────────────────────────────────────────┼──────────────┼──────────────────────┤
│            8 │ [(0, 1), (2, 3), (4, 5), (6, 7), (10, 11), (11, 12), (12, 13), (13, 14)]                                                   │       187.75 │              6.43179 │
├──────────────┼────────────────────────────────────────────────────────────────────────────────────────────────────────────────────────────┼──────────────┼──────────────────────┤
│            7 │ [(0, 1), (1, 2), (6, 7), (8, 9), (9, 10), (13, 14), (14, 0)]                                                               │       188.82 │              6.23453 │
├──────────────┼────────────────────────────────────────────────────────────────────────────────────────────────────────────────────────────┼──────────────┼──────────────────────┤
│            8 │ [(1, 2), (2, 3), (4, 5), (8, 9), (9, 10), (11, 12), (13, 14), (14, 0)]                                                     │       189.44 │              5.1825  │
├──────────────┼────────────────────────────────────────────────────────────────────────────────────────────────────────────────────────────┼──────────────┼──────────────────────┤
│            8 │ [(0, 1), (1, 2), (6, 7), (7, 8), (8, 9), (11, 12), (12, 13), (14, 0)]                                                      │       189.64 │              6.6154  │
├──────────────┼────────────────────────────────────────────────────────────────────────────────────────────────────────────────────────────┼──────────────┼──────────────────────┤
│            4 │ [(3, 4), (4, 5), (5, 6), (11, 12)]                                                                                         │       191.58 │              4.01568 │
├──────────────┼────────────────────────────────────────────────────────────────────────────────────────────────────────────────────────────┼──────────────┼──────────────────────┤
│            4 │ [(1, 2), (2, 3), (4, 5), (12, 13)]                                                                                         │       192.08 │              3.28848 │
├──────────────┼────────────────────────────────────────────────────────────────────────────────────────────────────────────────────────────┼──────────────┼──────────────────────┤
│            6 │ [(0, 1), (2, 3), (4, 5), (9, 10), (10, 11), (13, 14)]                                                                      │       192.75 │              4.03822 │
├──────────────┼────────────────────────────────────────────────────────────────────────────────────────────────────────────────────────────┼──────────────┼──────────────────────┤
│            5 │ [(1, 2), (4, 5), (5, 6), (8, 9), (9, 10)]                                                                                  │       192.82 │              3.96522 │
├──────────────┼────────────────────────────────────────────────────────────────────────────────────────────────────────────────────────────┼──────────────┼──────────────────────┤
│            6 │ [(1, 2), (6, 7), (9, 10), (11, 12), (13, 14), (14, 0)]                                                                     │       195.6  │              4.04543 │
├──────────────┼────────────────────────────────────────────────────────────────────────────────────────────────────────────────────────────┼──────────────┼──────────────────────┤
│            6 │ [(4, 5), (5, 6), (8, 9), (9, 10), (10, 11), (11, 12)]                                                                      │       196.78 │              6.32658 │
├──────────────┼────────────────────────────────────────────────────────────────────────────────────────────────────────────────────────────┼──────────────┼──────────────────────┤
│            4 │ [(4, 5), (6, 7), (11, 12), (14, 0)]                                                                                        │       197.16 │             13.6463  │
├──────────────┼────────────────────────────────────────────────────────────────────────────────────────────────────────────────────────────┼──────────────┼──────────────────────┤
│            4 │ [(4, 5), (6, 7), (9, 10), (13, 14)]                                                                                        │       198.21 │              3.0079  │
├──────────────┼────────────────────────────────────────────────────────────────────────────────────────────────────────────────────────────┼──────────────┼──────────────────────┤
│            3 │ [(3, 4), (6, 7), (11, 12)]                                                                                                 │       198.56 │              2.6567  │
├──────────────┼────────────────────────────────────────────────────────────────────────────────────────────────────────────────────────────┼──────────────┼──────────────────────┤
│            3 │ [(0, 1), (9, 10), (14, 0)]                                                                                                 │       200.61 │              3.01664 │
├──────────────┼────────────────────────────────────────────────────────────────────────────────────────────────────────────────────────────┼──────────────┼──────────────────────┤
│            3 │ [(1, 2), (11, 12), (13, 14)]                                                                                               │       201.76 │              2.72202 │
├──────────────┼────────────────────────────────────────────────────────────────────────────────────────────────────────────────────────────┼──────────────┼──────────────────────┤
│            4 │ [(0, 1), (7, 8), (11, 12), (12, 13)]                                                                                       │       201.85 │              3.40862 │
├──────────────┼────────────────────────────────────────────────────────────────────────────────────────────────────────────────────────────┼──────────────┼──────────────────────┤
│            2 │ [(3, 4), (11, 12)]                                                                                                         │       202.58 │              2.49625 │
├──────────────┼────────────────────────────────────────────────────────────────────────────────────────────────────────────────────────────┼──────────────┼──────────────────────┤
│            1 │ [(0, 1)]                                                                                                                   │       202.72 │              2.24018 │
├──────────────┼────────────────────────────────────────────────────────────────────────────────────────────────────────────────────────────┼──────────────┼──────────────────────┤
│            1 │ [(13, 14)]                                                                                                                 │       206.74 │              2.26118 │
├──────────────┼────────────────────────────────────────────────────────────────────────────────────────────────────────────────────────────┼──────────────┼──────────────────────┤
│            0 │ []                                                                                                                         │       inf    │             23.6706  │
├──────────────┼────────────────────────────────────────────────────────────────────────────────────────────────────────────────────────────┼──────────────┼──────────────────────┤
│           13 │ [(0, 1), (1, 2), (2, 3), (3, 4), (4, 5), (5, 6), (7, 8), (9, 10), (10, 11), (11, 12), (12, 13), (13, 14), (14, 0)]         │       inf    │             60.1278  │
├──────────────┼────────────────────────────────────────────────────────────────────────────────────────────────────────────────────────────┼──────────────┼──────────────────────┤
│           14 │ [(0, 1), (1, 2), (2, 3), (3, 4), (4, 5), (5, 6), (6, 7), (7, 8), (8, 9), (10, 11), (11, 12), (12, 13), (13, 14), (14, 0)]  │       inf    │             60.1897  │
├──────────────┼────────────────────────────────────────────────────────────────────────────────────────────────────────────────────────────┼──────────────┼──────────────────────┤
│           14 │ [(0, 1), (2, 3), (3, 4), (4, 5), (5, 6), (6, 7), (7, 8), (8, 9), (9, 10), (10, 11), (11, 12), (12, 13), (13, 14), (14, 0)] │       inf    │             60.1961  │
├──────────────┼────────────────────────────────────────────────────────────────────────────────────────────────────────────────────────────┼──────────────┼──────────────────────┤
│           14 │ [(0, 1), (1, 2), (2, 3), (3, 4), (4, 5), (5, 6), (6, 7), (7, 8), (8, 9), (9, 10), (11, 12), (12, 13), (13, 14), (14, 0)]   │       inf    │             60.189   │
├──────────────┼────────────────────────────────────────────────────────────────────────────────────────────────────────────────────────────┼──────────────┼──────────────────────┤
│           14 │ [(0, 1), (1, 2), (2, 3), (3, 4), (4, 5), (5, 6), (6, 7), (7, 8), (8, 9), (9, 10), (10, 11), (11, 12), (12, 13), (14, 0)]   │       inf    │             60.1874  │
├──────────────┼────────────────────────────────────────────────────────────────────────────────────────────────────────────────────────────┼──────────────┼──────────────────────┤
│           14 │ [(1, 2), (2, 3), (3, 4), (4, 5), (5, 6), (6, 7), (7, 8), (8, 9), (9, 10), (10, 11), (11, 12), (12, 13), (13, 14), (14, 0)] │       inf    │             60.1877  │
├──────────────┼────────────────────────────────────────────────────────────────────────────────────────────────────────────────────────────┼──────────────┼──────────────────────┤
│           14 │ [(0, 1), (1, 2), (2, 3), (3, 4), (4, 5), (5, 6), (6, 7), (7, 8), (8, 9), (9, 10), (10, 11), (11, 12), (13, 14), (14, 0)]   │       inf    │            124.84    │
├──────────────┼────────────────────────────────────────────────────────────────────────────────────────────────────────────────────────────┼──────────────┼──────────────────────┤
│           14 │ [(0, 1), (1, 2), (2, 3), (3, 4), (4, 5), (5, 6), (7, 8), (8, 9), (9, 10), (10, 11), (11, 12), (12, 13), (13, 14), (14, 0)] │       inf    │             60.1842  │
╘══════════════╧════════════════════════════════════════════════════════════════════════════════════════════════════════════════════════════╧══════════════╧══════════════════════╛

