########################
###Results for flow 0###
########################
╒══════════════╤═════════════════════════════════════════════════════════════════════════════════════════════════════════════════════════════════════════════════════════════════════════════════════════════════════════════════════════════════════════════════════════════════════════════════════════════════════╤══════════════╤══════════════════════╕
│   # of Edges │ Edges Kept                                                                                                                                                                                                                                                                                          │   Delay (µs) │   Elapsed Time (min) │
╞══════════════╪═════════════════════════════════════════════════════════════════════════════════════════════════════════════════════════════════════════════════════════════════════════════════════════════════════════════════════════════════════════════════════════════════════════════════════════════════════╪══════════════╪══════════════════════╡
│           31 │ [(0, 1), (1, 2), (2, 3), (3, 4), (4, 5), (5, 6), (6, 7), (7, 8), (8, 9), (9, 10), (10, 11), (11, 12), (12, 13), (13, 14), (14, 15), (15, 16), (16, 17), (17, 18), (18, 19), (19, 20), (20, 21), (21, 22), (22, 23), (23, 24), (24, 25), (25, 26), (26, 27), (27, 28), (28, 29), (29, 30), (30, 31)] │       397.97 │             1.56145  │
├──────────────┼─────────────────────────────────────────────────────────────────────────────────────────────────────────────────────────────────────────────────────────────────────────────────────────────────────────────────────────────────────────────────────────────────────────────────────────────────────┼──────────────┼──────────────────────┤
│           30 │ [(0, 1), (2, 3), (3, 4), (4, 5), (5, 6), (6, 7), (7, 8), (8, 9), (9, 10), (10, 11), (11, 12), (12, 13), (13, 14), (14, 15), (15, 16), (16, 17), (17, 18), (18, 19), (19, 20), (20, 21), (21, 22), (22, 23), (23, 24), (24, 25), (25, 26), (26, 27), (27, 28), (28, 29), (29, 30), (30, 31)]         │       404.3  │             1.52025  │
├──────────────┼─────────────────────────────────────────────────────────────────────────────────────────────────────────────────────────────────────────────────────────────────────────────────────────────────────────────────────────────────────────────────────────────────────────────────────────────────────┼──────────────┼──────────────────────┤
│           30 │ [(0, 1), (1, 2), (2, 3), (3, 4), (4, 5), (5, 6), (6, 7), (7, 8), (8, 9), (9, 10), (10, 11), (11, 12), (12, 13), (13, 14), (14, 15), (15, 16), (16, 17), (17, 18), (18, 19), (19, 20), (20, 21), (22, 23), (23, 24), (24, 25), (25, 26), (26, 27), (27, 28), (28, 29), (29, 30), (30, 31)]           │       409.02 │            12.8761   │
├──────────────┼─────────────────────────────────────────────────────────────────────────────────────────────────────────────────────────────────────────────────────────────────────────────────────────────────────────────────────────────────────────────────────────────────────────────────────────────────────┼──────────────┼──────────────────────┤
│           30 │ [(0, 1), (1, 2), (2, 3), (3, 4), (4, 5), (5, 6), (6, 7), (7, 8), (8, 9), (9, 10), (10, 11), (11, 12), (13, 14), (14, 15), (15, 16), (16, 17), (17, 18), (18, 19), (19, 20), (20, 21), (21, 22), (22, 23), (23, 24), (24, 25), (25, 26), (26, 27), (27, 28), (28, 29), (29, 30), (30, 31)]           │       409.44 │             1.94703  │
├──────────────┼─────────────────────────────────────────────────────────────────────────────────────────────────────────────────────────────────────────────────────────────────────────────────────────────────────────────────────────────────────────────────────────────────────────────────────────────────────┼──────────────┼──────────────────────┤
│           30 │ [(0, 1), (1, 2), (2, 3), (3, 4), (4, 5), (5, 6), (6, 7), (7, 8), (8, 9), (9, 10), (10, 11), (11, 12), (12, 13), (13, 14), (14, 15), (15, 16), (16, 17), (17, 18), (18, 19), (20, 21), (21, 22), (22, 23), (23, 24), (24, 25), (25, 26), (26, 27), (27, 28), (28, 29), (29, 30), (30, 31)]           │       409.59 │             8.62735  │
├──────────────┼─────────────────────────────────────────────────────────────────────────────────────────────────────────────────────────────────────────────────────────────────────────────────────────────────────────────────────────────────────────────────────────────────────────────────────────────────────┼──────────────┼──────────────────────┤
│           30 │ [(0, 1), (1, 2), (2, 3), (3, 4), (4, 5), (5, 6), (6, 7), (7, 8), (8, 9), (9, 10), (10, 11), (11, 12), (12, 13), (13, 14), (15, 16), (16, 17), (17, 18), (18, 19), (19, 20), (20, 21), (21, 22), (22, 23), (23, 24), (24, 25), (25, 26), (26, 27), (27, 28), (28, 29), (29, 30), (30, 31)]           │       409.79 │             2.88726  │
├──────────────┼─────────────────────────────────────────────────────────────────────────────────────────────────────────────────────────────────────────────────────────────────────────────────────────────────────────────────────────────────────────────────────────────────────────────────────────────────────┼──────────────┼──────────────────────┤
│           30 │ [(0, 1), (1, 2), (2, 3), (3, 4), (4, 5), (5, 6), (6, 7), (7, 8), (8, 9), (9, 10), (10, 11), (11, 12), (12, 13), (13, 14), (14, 15), (15, 16), (16, 17), (18, 19), (19, 20), (20, 21), (21, 22), (22, 23), (23, 24), (24, 25), (25, 26), (26, 27), (27, 28), (28, 29), (29, 30), (30, 31)]           │       409.86 │             5.66964  │
├──────────────┼─────────────────────────────────────────────────────────────────────────────────────────────────────────────────────────────────────────────────────────────────────────────────────────────────────────────────────────────────────────────────────────────────────────────────────────────────────┼──────────────┼──────────────────────┤
│           29 │ [(0, 1), (1, 2), (2, 3), (3, 4), (4, 5), (5, 6), (6, 7), (7, 8), (9, 10), (10, 11), (11, 12), (12, 13), (13, 14), (14, 15), (15, 16), (16, 17), (17, 18), (19, 20), (20, 21), (21, 22), (22, 23), (23, 24), (24, 25), (25, 26), (26, 27), (27, 28), (28, 29), (29, 30), (30, 31)]                   │       420.72 │             1.11647  │
├──────────────┼─────────────────────────────────────────────────────────────────────────────────────────────────────────────────────────────────────────────────────────────────────────────────────────────────────────────────────────────────────────────────────────────────────────────────────────────────────┼──────────────┼──────────────────────┤
│           26 │ [(0, 1), (1, 2), (2, 3), (3, 4), (4, 5), (5, 6), (6, 7), (7, 8), (8, 9), (9, 10), (10, 11), (11, 12), (14, 15), (15, 16), (17, 18), (18, 19), (19, 20), (20, 21), (21, 22), (22, 23), (23, 24), (24, 25), (25, 26), (26, 27), (27, 28), (28, 29)]                                                   │       422.86 │             2.75072  │
├──────────────┼─────────────────────────────────────────────────────────────────────────────────────────────────────────────────────────────────────────────────────────────────────────────────────────────────────────────────────────────────────────────────────────────────────────────────────────────────────┼──────────────┼──────────────────────┤
│           27 │ [(0, 1), (1, 2), (2, 3), (3, 4), (4, 5), (5, 6), (6, 7), (7, 8), (8, 9), (9, 10), (10, 11), (11, 12), (12, 13), (13, 14), (14, 15), (15, 16), (17, 18), (19, 20), (20, 21), (21, 22), (22, 23), (24, 25), (26, 27), (27, 28), (28, 29), (29, 30), (30, 31)]                                         │       424.7  │             4.07597  │
├──────────────┼─────────────────────────────────────────────────────────────────────────────────────────────────────────────────────────────────────────────────────────────────────────────────────────────────────────────────────────────────────────────────────────────────────────────────────────────────────┼──────────────┼──────────────────────┤
│           26 │ [(0, 1), (1, 2), (2, 3), (3, 4), (4, 5), (5, 6), (6, 7), (7, 8), (8, 9), (9, 10), (13, 14), (14, 15), (15, 16), (16, 17), (17, 18), (18, 19), (19, 20), (20, 21), (21, 22), (22, 23), (24, 25), (25, 26), (26, 27), (27, 28), (28, 29), (29, 30)]                                                   │       426.62 │             1.84025  │
├──────────────┼─────────────────────────────────────────────────────────────────────────────────────────────────────────────────────────────────────────────────────────────────────────────────────────────────────────────────────────────────────────────────────────────────────────────────────────────────────┼──────────────┼──────────────────────┤
│           26 │ [(0, 1), (1, 2), (3, 4), (4, 5), (6, 7), (7, 8), (8, 9), (9, 10), (10, 11), (11, 12), (12, 13), (13, 14), (14, 15), (15, 16), (16, 17), (17, 18), (18, 19), (19, 20), (21, 22), (22, 23), (23, 24), (24, 25), (25, 26), (26, 27), (27, 28), (28, 29)]                                               │       427.48 │             6.88194  │
├──────────────┼─────────────────────────────────────────────────────────────────────────────────────────────────────────────────────────────────────────────────────────────────────────────────────────────────────────────────────────────────────────────────────────────────────────────────────────────────────┼──────────────┼──────────────────────┤
│           26 │ [(0, 1), (1, 2), (2, 3), (3, 4), (4, 5), (5, 6), (6, 7), (7, 8), (9, 10), (11, 12), (12, 13), (15, 16), (16, 17), (18, 19), (19, 20), (20, 21), (21, 22), (22, 23), (23, 24), (24, 25), (25, 26), (26, 27), (27, 28), (28, 29), (29, 30), (30, 31)]                                                 │       427.63 │             0.51382  │
├──────────────┼─────────────────────────────────────────────────────────────────────────────────────────────────────────────────────────────────────────────────────────────────────────────────────────────────────────────────────────────────────────────────────────────────────────────────────────────────────┼──────────────┼──────────────────────┤
│           28 │ [(0, 1), (1, 2), (2, 3), (3, 4), (4, 5), (5, 6), (6, 7), (7, 8), (8, 9), (9, 10), (11, 12), (12, 13), (13, 14), (14, 15), (15, 16), (16, 17), (17, 18), (19, 20), (20, 21), (21, 22), (22, 23), (23, 24), (24, 25), (25, 26), (27, 28), (28, 29), (29, 30), (30, 31)]                               │       427.73 │             1.28518  │
├──────────────┼─────────────────────────────────────────────────────────────────────────────────────────────────────────────────────────────────────────────────────────────────────────────────────────────────────────────────────────────────────────────────────────────────────────────────────────────────────┼──────────────┼──────────────────────┤
│           26 │ [(0, 1), (1, 2), (2, 3), (4, 5), (5, 6), (7, 8), (9, 10), (10, 11), (11, 12), (12, 13), (13, 14), (14, 15), (15, 16), (16, 17), (17, 18), (18, 19), (19, 20), (20, 21), (21, 22), (22, 23), (24, 25), (25, 26), (27, 28), (28, 29), (29, 30), (30, 31)]                                             │       430.94 │             8.52984  │
├──────────────┼─────────────────────────────────────────────────────────────────────────────────────────────────────────────────────────────────────────────────────────────────────────────────────────────────────────────────────────────────────────────────────────────────────────────────────────────────────┼──────────────┼──────────────────────┤
│           27 │ [(0, 1), (2, 3), (3, 4), (4, 5), (5, 6), (6, 7), (8, 9), (9, 10), (10, 11), (12, 13), (13, 14), (14, 15), (15, 16), (16, 17), (17, 18), (18, 19), (20, 21), (21, 22), (22, 23), (23, 24), (24, 25), (25, 26), (26, 27), (27, 28), (28, 29), (29, 30), (30, 31)]                                     │       431.89 │             0.5037   │
├──────────────┼─────────────────────────────────────────────────────────────────────────────────────────────────────────────────────────────────────────────────────────────────────────────────────────────────────────────────────────────────────────────────────────────────────────────────────────────────────┼──────────────┼──────────────────────┤
│           26 │ [(0, 1), (1, 2), (2, 3), (4, 5), (5, 6), (6, 7), (8, 9), (10, 11), (11, 12), (12, 13), (13, 14), (14, 15), (15, 16), (16, 17), (17, 18), (19, 20), (20, 21), (21, 22), (22, 23), (23, 24), (24, 25), (25, 26), (26, 27), (27, 28), (28, 29), (30, 31)]                                              │       433.12 │             1.47216  │
├──────────────┼─────────────────────────────────────────────────────────────────────────────────────────────────────────────────────────────────────────────────────────────────────────────────────────────────────────────────────────────────────────────────────────────────────────────────────────────────────┼──────────────┼──────────────────────┤
│           24 │ [(1, 2), (2, 3), (4, 5), (6, 7), (8, 9), (9, 10), (10, 11), (11, 12), (12, 13), (13, 14), (14, 15), (15, 16), (16, 17), (17, 18), (18, 19), (21, 22), (22, 23), (23, 24), (24, 25), (25, 26), (26, 27), (27, 28), (28, 29), (30, 31)]                                                               │       435.5  │             1.71831  │
├──────────────┼─────────────────────────────────────────────────────────────────────────────────────────────────────────────────────────────────────────────────────────────────────────────────────────────────────────────────────────────────────────────────────────────────────────────────────────────────────┼──────────────┼──────────────────────┤
│           25 │ [(0, 1), (1, 2), (2, 3), (3, 4), (5, 6), (6, 7), (7, 8), (8, 9), (9, 10), (11, 12), (13, 14), (14, 15), (15, 16), (16, 17), (17, 18), (18, 19), (21, 22), (22, 23), (23, 24), (24, 25), (25, 26), (26, 27), (27, 28), (29, 30), (30, 31)]                                                           │       438.2  │             1.04916  │
├──────────────┼─────────────────────────────────────────────────────────────────────────────────────────────────────────────────────────────────────────────────────────────────────────────────────────────────────────────────────────────────────────────────────────────────────────────────────────────────────┼──────────────┼──────────────────────┤
│           24 │ [(0, 1), (1, 2), (2, 3), (5, 6), (6, 7), (7, 8), (8, 9), (9, 10), (10, 11), (11, 12), (14, 15), (15, 16), (16, 17), (17, 18), (18, 19), (19, 20), (21, 22), (22, 23), (23, 24), (24, 25), (25, 26), (26, 27), (29, 30), (30, 31)]                                                                   │       438.63 │             0.75908  │
├──────────────┼─────────────────────────────────────────────────────────────────────────────────────────────────────────────────────────────────────────────────────────────────────────────────────────────────────────────────────────────────────────────────────────────────────────────────────────────────────┼──────────────┼──────────────────────┤
│           24 │ [(0, 1), (1, 2), (2, 3), (4, 5), (5, 6), (6, 7), (7, 8), (8, 9), (10, 11), (11, 12), (12, 13), (13, 14), (16, 17), (18, 19), (19, 20), (20, 21), (21, 22), (22, 23), (23, 24), (26, 27), (27, 28), (28, 29), (29, 30), (30, 31)]                                                                    │       441.11 │             0.513868 │
├──────────────┼─────────────────────────────────────────────────────────────────────────────────────────────────────────────────────────────────────────────────────────────────────────────────────────────────────────────────────────────────────────────────────────────────────────────────────────────────────┼──────────────┼──────────────────────┤
│           23 │ [(0, 1), (1, 2), (2, 3), (3, 4), (4, 5), (5, 6), (6, 7), (7, 8), (9, 10), (11, 12), (13, 14), (14, 15), (15, 16), (16, 17), (19, 20), (20, 21), (21, 22), (23, 24), (25, 26), (26, 27), (27, 28), (28, 29), (30, 31)]                                                                               │       441.45 │             0.620418 │
├──────────────┼─────────────────────────────────────────────────────────────────────────────────────────────────────────────────────────────────────────────────────────────────────────────────────────────────────────────────────────────────────────────────────────────────────────────────────────────────────┼──────────────┼──────────────────────┤
│           22 │ [(0, 1), (2, 3), (3, 4), (4, 5), (5, 6), (6, 7), (7, 8), (8, 9), (9, 10), (10, 11), (11, 12), (14, 15), (15, 16), (17, 18), (20, 21), (21, 22), (22, 23), (23, 24), (24, 25), (25, 26), (28, 29), (30, 31)]                                                                                         │       441.46 │             1.22005  │
├──────────────┼─────────────────────────────────────────────────────────────────────────────────────────────────────────────────────────────────────────────────────────────────────────────────────────────────────────────────────────────────────────────────────────────────────────────────────────────────────┼──────────────┼──────────────────────┤
│           24 │ [(0, 1), (1, 2), (2, 3), (4, 5), (5, 6), (6, 7), (7, 8), (8, 9), (9, 10), (11, 12), (12, 13), (13, 14), (14, 15), (15, 16), (16, 17), (18, 19), (19, 20), (20, 21), (21, 22), (22, 23), (24, 25), (26, 27), (28, 29), (30, 31)]                                                                     │       441.85 │             0.906416 │
├──────────────┼─────────────────────────────────────────────────────────────────────────────────────────────────────────────────────────────────────────────────────────────────────────────────────────────────────────────────────────────────────────────────────────────────────────────────────────────────────┼──────────────┼──────────────────────┤
│           22 │ [(0, 1), (1, 2), (2, 3), (3, 4), (4, 5), (8, 9), (10, 11), (11, 12), (12, 13), (13, 14), (15, 16), (16, 17), (18, 19), (20, 21), (21, 22), (22, 23), (23, 24), (25, 26), (26, 27), (27, 28), (28, 29), (29, 30)]                                                                                    │       443.93 │             0.495509 │
├──────────────┼─────────────────────────────────────────────────────────────────────────────────────────────────────────────────────────────────────────────────────────────────────────────────────────────────────────────────────────────────────────────────────────────────────────────────────────────────────┼──────────────┼──────────────────────┤
│           21 │ [(0, 1), (1, 2), (2, 3), (4, 5), (9, 10), (10, 11), (11, 12), (12, 13), (13, 14), (14, 15), (15, 16), (16, 17), (18, 19), (19, 20), (20, 21), (22, 23), (23, 24), (26, 27), (27, 28), (28, 29), (30, 31)]                                                                                           │       444.37 │             0.969104 │
├──────────────┼─────────────────────────────────────────────────────────────────────────────────────────────────────────────────────────────────────────────────────────────────────────────────────────────────────────────────────────────────────────────────────────────────────────────────────────────────────┼──────────────┼──────────────────────┤
│           22 │ [(1, 2), (3, 4), (4, 5), (6, 7), (8, 9), (9, 10), (10, 11), (11, 12), (12, 13), (14, 15), (15, 16), (16, 17), (19, 20), (20, 21), (22, 23), (23, 24), (24, 25), (25, 26), (26, 27), (27, 28), (28, 29), (29, 30)]                                                                                   │       444.38 │             0.748756 │
├──────────────┼─────────────────────────────────────────────────────────────────────────────────────────────────────────────────────────────────────────────────────────────────────────────────────────────────────────────────────────────────────────────────────────────────────────────────────────────────────┼──────────────┼──────────────────────┤
│           21 │ [(0, 1), (1, 2), (2, 3), (3, 4), (4, 5), (5, 6), (8, 9), (9, 10), (11, 12), (12, 13), (15, 16), (16, 17), (17, 18), (18, 19), (19, 20), (21, 22), (22, 23), (23, 24), (24, 25), (28, 29), (30, 31)]                                                                                                 │       444.45 │             0.840368 │
├──────────────┼─────────────────────────────────────────────────────────────────────────────────────────────────────────────────────────────────────────────────────────────────────────────────────────────────────────────────────────────────────────────────────────────────────────────────────────────────────┼──────────────┼──────────────────────┤
│           22 │ [(0, 1), (1, 2), (2, 3), (3, 4), (6, 7), (8, 9), (9, 10), (10, 11), (12, 13), (13, 14), (14, 15), (16, 17), (17, 18), (19, 20), (20, 21), (21, 22), (22, 23), (24, 25), (25, 26), (26, 27), (27, 28), (28, 29)]                                                                                     │       445.11 │             0.467908 │
├──────────────┼─────────────────────────────────────────────────────────────────────────────────────────────────────────────────────────────────────────────────────────────────────────────────────────────────────────────────────────────────────────────────────────────────────────────────────────────────────┼──────────────┼──────────────────────┤
│           22 │ [(0, 1), (1, 2), (4, 5), (6, 7), (7, 8), (8, 9), (9, 10), (10, 11), (11, 12), (12, 13), (15, 16), (16, 17), (18, 19), (19, 20), (21, 22), (23, 24), (24, 25), (25, 26), (26, 27), (27, 28), (29, 30), (30, 31)]                                                                                     │       445.18 │             0.578656 │
├──────────────┼─────────────────────────────────────────────────────────────────────────────────────────────────────────────────────────────────────────────────────────────────────────────────────────────────────────────────────────────────────────────────────────────────────────────────────────────────────┼──────────────┼──────────────────────┤
│           21 │ [(0, 1), (1, 2), (2, 3), (5, 6), (6, 7), (8, 9), (9, 10), (10, 11), (13, 14), (15, 16), (16, 17), (17, 18), (18, 19), (19, 20), (20, 21), (21, 22), (23, 24), (24, 25), (26, 27), (28, 29), (29, 30)]                                                                                               │       446.12 │             0.554553 │
├──────────────┼─────────────────────────────────────────────────────────────────────────────────────────────────────────────────────────────────────────────────────────────────────────────────────────────────────────────────────────────────────────────────────────────────────────────────────────────────────┼──────────────┼──────────────────────┤
│           18 │ [(1, 2), (7, 8), (8, 9), (11, 12), (13, 14), (14, 15), (15, 16), (16, 17), (17, 18), (20, 21), (22, 23), (23, 24), (24, 25), (25, 26), (26, 27), (27, 28), (28, 29), (29, 30)]                                                                                                                      │       446.87 │             0.775865 │
├──────────────┼─────────────────────────────────────────────────────────────────────────────────────────────────────────────────────────────────────────────────────────────────────────────────────────────────────────────────────────────────────────────────────────────────────────────────────────────────────┼──────────────┼──────────────────────┤
│           20 │ [(0, 1), (1, 2), (4, 5), (5, 6), (6, 7), (9, 10), (11, 12), (13, 14), (14, 15), (15, 16), (18, 19), (19, 20), (20, 21), (21, 22), (22, 23), (23, 24), (24, 25), (27, 28), (29, 30), (30, 31)]                                                                                                       │       447.23 │             0.899294 │
├──────────────┼─────────────────────────────────────────────────────────────────────────────────────────────────────────────────────────────────────────────────────────────────────────────────────────────────────────────────────────────────────────────────────────────────────────────────────────────────────┼──────────────┼──────────────────────┤
│           20 │ [(2, 3), (3, 4), (4, 5), (5, 6), (6, 7), (8, 9), (9, 10), (11, 12), (12, 13), (13, 14), (14, 15), (15, 16), (16, 17), (17, 18), (19, 20), (23, 24), (24, 25), (25, 26), (29, 30), (30, 31)]                                                                                                         │       447.27 │             0.933623 │
├──────────────┼─────────────────────────────────────────────────────────────────────────────────────────────────────────────────────────────────────────────────────────────────────────────────────────────────────────────────────────────────────────────────────────────────────────────────────────────────────┼──────────────┼──────────────────────┤
│           20 │ [(0, 1), (1, 2), (2, 3), (4, 5), (5, 6), (6, 7), (7, 8), (8, 9), (10, 11), (13, 14), (14, 15), (15, 16), (16, 17), (19, 20), (20, 21), (25, 26), (26, 27), (27, 28), (29, 30), (30, 31)]                                                                                                            │       448.22 │             0.773905 │
├──────────────┼─────────────────────────────────────────────────────────────────────────────────────────────────────────────────────────────────────────────────────────────────────────────────────────────────────────────────────────────────────────────────────────────────────────────────────────────────────┼──────────────┼──────────────────────┤
│           21 │ [(0, 1), (2, 3), (3, 4), (6, 7), (7, 8), (9, 10), (10, 11), (12, 13), (14, 15), (15, 16), (17, 18), (18, 19), (19, 20), (20, 21), (21, 22), (22, 23), (25, 26), (26, 27), (28, 29), (29, 30), (30, 31)]                                                                                             │       448.86 │             0.740929 │
├──────────────┼─────────────────────────────────────────────────────────────────────────────────────────────────────────────────────────────────────────────────────────────────────────────────────────────────────────────────────────────────────────────────────────────────────────────────────────────────────┼──────────────┼──────────────────────┤
│           19 │ [(0, 1), (1, 2), (2, 3), (4, 5), (6, 7), (7, 8), (9, 10), (11, 12), (12, 13), (13, 14), (14, 15), (16, 17), (17, 18), (18, 19), (19, 20), (20, 21), (22, 23), (23, 24), (29, 30)]                                                                                                                   │       449.12 │             0.597227 │
├──────────────┼─────────────────────────────────────────────────────────────────────────────────────────────────────────────────────────────────────────────────────────────────────────────────────────────────────────────────────────────────────────────────────────────────────────────────────────────────────┼──────────────┼──────────────────────┤
│           19 │ [(0, 1), (1, 2), (3, 4), (5, 6), (6, 7), (8, 9), (11, 12), (12, 13), (13, 14), (14, 15), (15, 16), (16, 17), (19, 20), (20, 21), (21, 22), (25, 26), (27, 28), (28, 29), (30, 31)]                                                                                                                  │       449.81 │             0.522546 │
├──────────────┼─────────────────────────────────────────────────────────────────────────────────────────────────────────────────────────────────────────────────────────────────────────────────────────────────────────────────────────────────────────────────────────────────────────────────────────────────────┼──────────────┼──────────────────────┤
│           19 │ [(1, 2), (2, 3), (3, 4), (9, 10), (10, 11), (11, 12), (13, 14), (15, 16), (17, 18), (19, 20), (21, 22), (22, 23), (23, 24), (24, 25), (25, 26), (26, 27), (28, 29), (29, 30), (30, 31)]                                                                                                             │       450.25 │             0.474487 │
├──────────────┼─────────────────────────────────────────────────────────────────────────────────────────────────────────────────────────────────────────────────────────────────────────────────────────────────────────────────────────────────────────────────────────────────────────────────────────────────────┼──────────────┼──────────────────────┤
│           19 │ [(0, 1), (2, 3), (5, 6), (6, 7), (7, 8), (10, 11), (11, 12), (12, 13), (13, 14), (14, 15), (19, 20), (20, 21), (22, 23), (23, 24), (24, 25), (26, 27), (28, 29), (29, 30), (30, 31)]                                                                                                                │       450.49 │             0.69598  │
├──────────────┼─────────────────────────────────────────────────────────────────────────────────────────────────────────────────────────────────────────────────────────────────────────────────────────────────────────────────────────────────────────────────────────────────────────────────────────────────────┼──────────────┼──────────────────────┤
│           19 │ [(0, 1), (2, 3), (4, 5), (5, 6), (6, 7), (7, 8), (9, 10), (10, 11), (11, 12), (12, 13), (15, 16), (16, 17), (17, 18), (18, 19), (20, 21), (21, 22), (26, 27), (27, 28), (29, 30)]                                                                                                                   │       450.68 │             0.764912 │
├──────────────┼─────────────────────────────────────────────────────────────────────────────────────────────────────────────────────────────────────────────────────────────────────────────────────────────────────────────────────────────────────────────────────────────────────────────────────────────────────┼──────────────┼──────────────────────┤
│           19 │ [(0, 1), (1, 2), (4, 5), (6, 7), (7, 8), (9, 10), (10, 11), (11, 12), (13, 14), (14, 15), (15, 16), (16, 17), (20, 21), (22, 23), (23, 24), (24, 25), (27, 28), (28, 29), (30, 31)]                                                                                                                 │       451.19 │             0.721417 │
├──────────────┼─────────────────────────────────────────────────────────────────────────────────────────────────────────────────────────────────────────────────────────────────────────────────────────────────────────────────────────────────────────────────────────────────────────────────────────────────────┼──────────────┼──────────────────────┤
│           17 │ [(0, 1), (2, 3), (3, 4), (4, 5), (5, 6), (8, 9), (11, 12), (12, 13), (13, 14), (14, 15), (15, 16), (16, 17), (20, 21), (22, 23), (25, 26), (28, 29), (30, 31)]                                                                                                                                      │       451.69 │             0.736425 │
├──────────────┼─────────────────────────────────────────────────────────────────────────────────────────────────────────────────────────────────────────────────────────────────────────────────────────────────────────────────────────────────────────────────────────────────────────────────────────────────────┼──────────────┼──────────────────────┤
│           19 │ [(1, 2), (2, 3), (4, 5), (5, 6), (7, 8), (9, 10), (10, 11), (11, 12), (12, 13), (13, 14), (16, 17), (18, 19), (21, 22), (22, 23), (24, 25), (25, 26), (27, 28), (28, 29), (30, 31)]                                                                                                                 │       452.93 │             0.419994 │
├──────────────┼─────────────────────────────────────────────────────────────────────────────────────────────────────────────────────────────────────────────────────────────────────────────────────────────────────────────────────────────────────────────────────────────────────────────────────────────────────┼──────────────┼──────────────────────┤
│           17 │ [(3, 4), (4, 5), (5, 6), (6, 7), (7, 8), (9, 10), (10, 11), (12, 13), (13, 14), (14, 15), (15, 16), (18, 19), (20, 21), (22, 23), (23, 24), (27, 28), (30, 31)]                                                                                                                                     │       453.06 │             0.47274  │
├──────────────┼─────────────────────────────────────────────────────────────────────────────────────────────────────────────────────────────────────────────────────────────────────────────────────────────────────────────────────────────────────────────────────────────────────────────────────────────────────┼──────────────┼──────────────────────┤
│           16 │ [(1, 2), (4, 5), (5, 6), (8, 9), (10, 11), (14, 15), (16, 17), (17, 18), (18, 19), (22, 23), (23, 24), (24, 25), (25, 26), (27, 28), (28, 29), (29, 30)]                                                                                                                                            │       454.22 │             0.438307 │
├──────────────┼─────────────────────────────────────────────────────────────────────────────────────────────────────────────────────────────────────────────────────────────────────────────────────────────────────────────────────────────────────────────────────────────────────────────────────────────────────┼──────────────┼──────────────────────┤
│           13 │ [(0, 1), (1, 2), (2, 3), (4, 5), (5, 6), (8, 9), (9, 10), (10, 11), (11, 12), (20, 21), (23, 24), (27, 28), (28, 29)]                                                                                                                                                                               │       454.65 │             0.760548 │
├──────────────┼─────────────────────────────────────────────────────────────────────────────────────────────────────────────────────────────────────────────────────────────────────────────────────────────────────────────────────────────────────────────────────────────────────────────────────────────────────┼──────────────┼──────────────────────┤
│           15 │ [(2, 3), (3, 4), (4, 5), (9, 10), (10, 11), (14, 15), (15, 16), (16, 17), (17, 18), (19, 20), (20, 21), (25, 26), (27, 28), (28, 29), (30, 31)]                                                                                                                                                     │       455.14 │             1.0836   │
├──────────────┼─────────────────────────────────────────────────────────────────────────────────────────────────────────────────────────────────────────────────────────────────────────────────────────────────────────────────────────────────────────────────────────────────────────────────────────────────────┼──────────────┼──────────────────────┤
│           15 │ [(0, 1), (2, 3), (4, 5), (6, 7), (9, 10), (10, 11), (11, 12), (14, 15), (15, 16), (16, 17), (20, 21), (23, 24), (24, 25), (29, 30), (30, 31)]                                                                                                                                                       │       455.51 │             0.396167 │
├──────────────┼─────────────────────────────────────────────────────────────────────────────────────────────────────────────────────────────────────────────────────────────────────────────────────────────────────────────────────────────────────────────────────────────────────────────────────────────────────┼──────────────┼──────────────────────┤
│           16 │ [(1, 2), (2, 3), (4, 5), (6, 7), (7, 8), (8, 9), (12, 13), (15, 16), (16, 17), (17, 18), (19, 20), (21, 22), (24, 25), (25, 26), (28, 29), (29, 30)]                                                                                                                                                │       455.72 │             0.405996 │
├──────────────┼─────────────────────────────────────────────────────────────────────────────────────────────────────────────────────────────────────────────────────────────────────────────────────────────────────────────────────────────────────────────────────────────────────────────────────────────────────┼──────────────┼──────────────────────┤
│           14 │ [(1, 2), (2, 3), (5, 6), (7, 8), (9, 10), (11, 12), (19, 20), (20, 21), (21, 22), (23, 24), (27, 28), (28, 29), (29, 30), (30, 31)]                                                                                                                                                                 │       456.13 │             0.988008 │
├──────────────┼─────────────────────────────────────────────────────────────────────────────────────────────────────────────────────────────────────────────────────────────────────────────────────────────────────────────────────────────────────────────────────────────────────────────────────────────────────┼──────────────┼──────────────────────┤
│           13 │ [(2, 3), (3, 4), (7, 8), (9, 10), (13, 14), (16, 17), (20, 21), (22, 23), (23, 24), (24, 25), (25, 26), (26, 27), (28, 29)]                                                                                                                                                                         │       456.23 │             0.936891 │
├──────────────┼─────────────────────────────────────────────────────────────────────────────────────────────────────────────────────────────────────────────────────────────────────────────────────────────────────────────────────────────────────────────────────────────────────────────────────────────────────┼──────────────┼──────────────────────┤
│           13 │ [(3, 4), (4, 5), (8, 9), (9, 10), (11, 12), (12, 13), (13, 14), (14, 15), (17, 18), (18, 19), (20, 21), (23, 24), (30, 31)]                                                                                                                                                                         │       456.82 │             0.757464 │
├──────────────┼─────────────────────────────────────────────────────────────────────────────────────────────────────────────────────────────────────────────────────────────────────────────────────────────────────────────────────────────────────────────────────────────────────────────────────────────────────┼──────────────┼──────────────────────┤
│           13 │ [(0, 1), (2, 3), (11, 12), (12, 13), (15, 16), (16, 17), (21, 22), (23, 24), (24, 25), (26, 27), (27, 28), (29, 30), (30, 31)]                                                                                                                                                                      │       457.03 │             0.713318 │
├──────────────┼─────────────────────────────────────────────────────────────────────────────────────────────────────────────────────────────────────────────────────────────────────────────────────────────────────────────────────────────────────────────────────────────────────────────────────────────────────┼──────────────┼──────────────────────┤
│           13 │ [(3, 4), (4, 5), (5, 6), (7, 8), (10, 11), (11, 12), (17, 18), (18, 19), (21, 22), (23, 24), (24, 25), (25, 26), (29, 30)]                                                                                                                                                                          │       457.09 │             1.13014  │
├──────────────┼─────────────────────────────────────────────────────────────────────────────────────────────────────────────────────────────────────────────────────────────────────────────────────────────────────────────────────────────────────────────────────────────────────────────────────────────────────┼──────────────┼──────────────────────┤
│           12 │ [(1, 2), (12, 13), (13, 14), (14, 15), (18, 19), (20, 21), (21, 22), (24, 25), (25, 26), (28, 29), (29, 30), (30, 31)]                                                                                                                                                                              │       457.2  │             1.01971  │
├──────────────┼─────────────────────────────────────────────────────────────────────────────────────────────────────────────────────────────────────────────────────────────────────────────────────────────────────────────────────────────────────────────────────────────────────────────────────────────────────┼──────────────┼──────────────────────┤
│           12 │ [(1, 2), (2, 3), (3, 4), (7, 8), (8, 9), (9, 10), (10, 11), (16, 17), (17, 18), (19, 20), (25, 26), (29, 30)]                                                                                                                                                                                       │       457.32 │             1.19414  │
├──────────────┼─────────────────────────────────────────────────────────────────────────────────────────────────────────────────────────────────────────────────────────────────────────────────────────────────────────────────────────────────────────────────────────────────────────────────────────────────────┼──────────────┼──────────────────────┤
│           12 │ [(1, 2), (2, 3), (6, 7), (11, 12), (12, 13), (14, 15), (20, 21), (24, 25), (25, 26), (26, 27), (27, 28), (30, 31)]                                                                                                                                                                                  │       457.49 │             0.799508 │
├──────────────┼─────────────────────────────────────────────────────────────────────────────────────────────────────────────────────────────────────────────────────────────────────────────────────────────────────────────────────────────────────────────────────────────────────────────────────────────────────┼──────────────┼──────────────────────┤
│           11 │ [(0, 1), (1, 2), (3, 4), (6, 7), (13, 14), (15, 16), (17, 18), (21, 22), (22, 23), (23, 24), (25, 26)]                                                                                                                                                                                              │       457.68 │             1.04724  │
├──────────────┼─────────────────────────────────────────────────────────────────────────────────────────────────────────────────────────────────────────────────────────────────────────────────────────────────────────────────────────────────────────────────────────────────────────────────────────────────────┼──────────────┼──────────────────────┤
│           13 │ [(2, 3), (3, 4), (5, 6), (9, 10), (10, 11), (11, 12), (15, 16), (17, 18), (18, 19), (20, 21), (25, 26), (27, 28), (29, 30)]                                                                                                                                                                         │       458.08 │             0.752328 │
├──────────────┼─────────────────────────────────────────────────────────────────────────────────────────────────────────────────────────────────────────────────────────────────────────────────────────────────────────────────────────────────────────────────────────────────────────────────────────────────────┼──────────────┼──────────────────────┤
│           13 │ [(3, 4), (4, 5), (7, 8), (11, 12), (12, 13), (15, 16), (18, 19), (19, 20), (23, 24), (24, 25), (26, 27), (28, 29), (30, 31)]                                                                                                                                                                        │       458.22 │             0.838763 │
├──────────────┼─────────────────────────────────────────────────────────────────────────────────────────────────────────────────────────────────────────────────────────────────────────────────────────────────────────────────────────────────────────────────────────────────────────────────────────────────────┼──────────────┼──────────────────────┤
│            9 │ [(2, 3), (3, 4), (13, 14), (18, 19), (25, 26), (26, 27), (27, 28), (28, 29), (30, 31)]                                                                                                                                                                                                              │       458.96 │             0.834963 │
├──────────────┼─────────────────────────────────────────────────────────────────────────────────────────────────────────────────────────────────────────────────────────────────────────────────────────────────────────────────────────────────────────────────────────────────────────────────────────────────────┼──────────────┼──────────────────────┤
│            9 │ [(0, 1), (1, 2), (6, 7), (8, 9), (17, 18), (21, 22), (27, 28), (29, 30), (30, 31)]                                                                                                                                                                                                                  │       459.18 │             0.758774 │
├──────────────┼─────────────────────────────────────────────────────────────────────────────────────────────────────────────────────────────────────────────────────────────────────────────────────────────────────────────────────────────────────────────────────────────────────────────────────────────────────┼──────────────┼──────────────────────┤
│           12 │ [(1, 2), (3, 4), (4, 5), (6, 7), (8, 9), (12, 13), (15, 16), (19, 20), (20, 21), (23, 24), (26, 27), (30, 31)]                                                                                                                                                                                      │       459.44 │             0.439965 │
├──────────────┼─────────────────────────────────────────────────────────────────────────────────────────────────────────────────────────────────────────────────────────────────────────────────────────────────────────────────────────────────────────────────────────────────────────────────────────────────────┼──────────────┼──────────────────────┤
│           10 │ [(3, 4), (4, 5), (12, 13), (14, 15), (17, 18), (18, 19), (21, 22), (22, 23), (27, 28), (30, 31)]                                                                                                                                                                                                    │       459.69 │             1.11483  │
├──────────────┼─────────────────────────────────────────────────────────────────────────────────────────────────────────────────────────────────────────────────────────────────────────────────────────────────────────────────────────────────────────────────────────────────────────────────────────────────────┼──────────────┼──────────────────────┤
│            9 │ [(2, 3), (4, 5), (5, 6), (6, 7), (15, 16), (16, 17), (18, 19), (24, 25), (26, 27)]                                                                                                                                                                                                                  │       460.02 │             0.802782 │
├──────────────┼─────────────────────────────────────────────────────────────────────────────────────────────────────────────────────────────────────────────────────────────────────────────────────────────────────────────────────────────────────────────────────────────────────────────────────────────────────┼──────────────┼──────────────────────┤
│           10 │ [(2, 3), (6, 7), (7, 8), (12, 13), (18, 19), (20, 21), (24, 25), (25, 26), (27, 28), (30, 31)]                                                                                                                                                                                                      │       460.06 │             1.12046  │
├──────────────┼─────────────────────────────────────────────────────────────────────────────────────────────────────────────────────────────────────────────────────────────────────────────────────────────────────────────────────────────────────────────────────────────────────────────────────────────────────┼──────────────┼──────────────────────┤
│           10 │ [(2, 3), (4, 5), (9, 10), (13, 14), (16, 17), (18, 19), (20, 21), (25, 26), (27, 28), (28, 29)]                                                                                                                                                                                                     │       460.37 │             1.14124  │
├──────────────┼─────────────────────────────────────────────────────────────────────────────────────────────────────────────────────────────────────────────────────────────────────────────────────────────────────────────────────────────────────────────────────────────────────────────────────────────────────┼──────────────┼──────────────────────┤
│            9 │ [(4, 5), (8, 9), (9, 10), (12, 13), (18, 19), (19, 20), (22, 23), (25, 26), (27, 28)]                                                                                                                                                                                                               │       460.38 │             0.781449 │
├──────────────┼─────────────────────────────────────────────────────────────────────────────────────────────────────────────────────────────────────────────────────────────────────────────────────────────────────────────────────────────────────────────────────────────────────────────────────────────────────┼──────────────┼──────────────────────┤
│            8 │ [(0, 1), (6, 7), (10, 11), (12, 13), (13, 14), (21, 22), (25, 26), (30, 31)]                                                                                                                                                                                                                        │       460.41 │             0.543816 │
├──────────────┼─────────────────────────────────────────────────────────────────────────────────────────────────────────────────────────────────────────────────────────────────────────────────────────────────────────────────────────────────────────────────────────────────────────────────────────────────────┼──────────────┼──────────────────────┤
│           10 │ [(3, 4), (5, 6), (8, 9), (10, 11), (14, 15), (16, 17), (19, 20), (21, 22), (27, 28), (29, 30)]                                                                                                                                                                                                      │       460.74 │             0.866399 │
├──────────────┼─────────────────────────────────────────────────────────────────────────────────────────────────────────────────────────────────────────────────────────────────────────────────────────────────────────────────────────────────────────────────────────────────────────────────────────────────────┼──────────────┼──────────────────────┤
│            7 │ [(1, 2), (2, 3), (3, 4), (11, 12), (12, 13), (19, 20), (26, 27)]                                                                                                                                                                                                                                    │       460.95 │             1.19147  │
├──────────────┼─────────────────────────────────────────────────────────────────────────────────────────────────────────────────────────────────────────────────────────────────────────────────────────────────────────────────────────────────────────────────────────────────────────────────────────────────────┼──────────────┼──────────────────────┤
│            7 │ [(12, 13), (16, 17), (17, 18), (19, 20), (20, 21), (25, 26), (30, 31)]                                                                                                                                                                                                                              │       461.03 │             1.09907  │
├──────────────┼─────────────────────────────────────────────────────────────────────────────────────────────────────────────────────────────────────────────────────────────────────────────────────────────────────────────────────────────────────────────────────────────────────────────────────────────────────┼──────────────┼──────────────────────┤
│            8 │ [(2, 3), (4, 5), (8, 9), (10, 11), (11, 12), (22, 23), (25, 26), (28, 29)]                                                                                                                                                                                                                          │       461.24 │             0.961406 │
├──────────────┼─────────────────────────────────────────────────────────────────────────────────────────────────────────────────────────────────────────────────────────────────────────────────────────────────────────────────────────────────────────────────────────────────────────────────────────────────────┼──────────────┼──────────────────────┤
│            6 │ [(8, 9), (9, 10), (11, 12), (21, 22), (23, 24), (24, 25)]                                                                                                                                                                                                                                           │       461.55 │             1.20132  │
├──────────────┼─────────────────────────────────────────────────────────────────────────────────────────────────────────────────────────────────────────────────────────────────────────────────────────────────────────────────────────────────────────────────────────────────────────────────────────────────────┼──────────────┼──────────────────────┤
│            6 │ [(4, 5), (14, 15), (19, 20), (20, 21), (22, 23), (30, 31)]                                                                                                                                                                                                                                          │       461.85 │             0.932769 │
├──────────────┼─────────────────────────────────────────────────────────────────────────────────────────────────────────────────────────────────────────────────────────────────────────────────────────────────────────────────────────────────────────────────────────────────────────────────────────────────────┼──────────────┼──────────────────────┤
│            6 │ [(2, 3), (10, 11), (21, 22), (23, 24), (27, 28), (28, 29)]                                                                                                                                                                                                                                          │       461.91 │             0.457161 │
├──────────────┼─────────────────────────────────────────────────────────────────────────────────────────────────────────────────────────────────────────────────────────────────────────────────────────────────────────────────────────────────────────────────────────────────────────────────────────────────────┼──────────────┼──────────────────────┤
│            6 │ [(3, 4), (6, 7), (9, 10), (19, 20), (20, 21), (30, 31)]                                                                                                                                                                                                                                             │       461.95 │             1.1448   │
├──────────────┼─────────────────────────────────────────────────────────────────────────────────────────────────────────────────────────────────────────────────────────────────────────────────────────────────────────────────────────────────────────────────────────────────────────────────────────────────────┼──────────────┼──────────────────────┤
│            6 │ [(2, 3), (7, 8), (8, 9), (20, 21), (26, 27), (28, 29)]                                                                                                                                                                                                                                              │       462.02 │             1.19241  │
├──────────────┼─────────────────────────────────────────────────────────────────────────────────────────────────────────────────────────────────────────────────────────────────────────────────────────────────────────────────────────────────────────────────────────────────────────────────────────────────────┼──────────────┼──────────────────────┤
│            5 │ [(3, 4), (11, 12), (13, 14), (18, 19), (19, 20)]                                                                                                                                                                                                                                                    │       462.28 │             0.466678 │
├──────────────┼─────────────────────────────────────────────────────────────────────────────────────────────────────────────────────────────────────────────────────────────────────────────────────────────────────────────────────────────────────────────────────────────────────────────────────────────────────┼──────────────┼──────────────────────┤
│            6 │ [(1, 2), (4, 5), (7, 8), (22, 23), (25, 26), (27, 28)]                                                                                                                                                                                                                                              │       462.38 │             0.868593 │
├──────────────┼─────────────────────────────────────────────────────────────────────────────────────────────────────────────────────────────────────────────────────────────────────────────────────────────────────────────────────────────────────────────────────────────────────────────────────────────────────┼──────────────┼──────────────────────┤
│            4 │ [(0, 1), (3, 4), (6, 7), (20, 21)]                                                                                                                                                                                                                                                                  │       462.4  │             0.47147  │
├──────────────┼─────────────────────────────────────────────────────────────────────────────────────────────────────────────────────────────────────────────────────────────────────────────────────────────────────────────────────────────────────────────────────────────────────────────────────────────────────┼──────────────┼──────────────────────┤
│            5 │ [(5, 6), (6, 7), (8, 9), (17, 18), (26, 27)]                                                                                                                                                                                                                                                        │       462.41 │             0.465134 │
├──────────────┼─────────────────────────────────────────────────────────────────────────────────────────────────────────────────────────────────────────────────────────────────────────────────────────────────────────────────────────────────────────────────────────────────────────────────────────────────────┼──────────────┼──────────────────────┤
│            4 │ [(9, 10), (10, 11), (12, 13), (26, 27)]                                                                                                                                                                                                                                                             │       462.69 │             0.47529  │
├──────────────┼─────────────────────────────────────────────────────────────────────────────────────────────────────────────────────────────────────────────────────────────────────────────────────────────────────────────────────────────────────────────────────────────────────────────────────────────────────┼──────────────┼──────────────────────┤
│            3 │ [(0, 1), (3, 4), (12, 13)]                                                                                                                                                                                                                                                                          │       462.75 │             0.473257 │
├──────────────┼─────────────────────────────────────────────────────────────────────────────────────────────────────────────────────────────────────────────────────────────────────────────────────────────────────────────────────────────────────────────────────────────────────────────────────────────────────┼──────────────┼──────────────────────┤
│            4 │ [(2, 3), (4, 5), (13, 14), (22, 23)]                                                                                                                                                                                                                                                                │       463.12 │             0.471631 │
├──────────────┼─────────────────────────────────────────────────────────────────────────────────────────────────────────────────────────────────────────────────────────────────────────────────────────────────────────────────────────────────────────────────────────────────────────────────────────────────────┼──────────────┼──────────────────────┤
│            3 │ [(1, 2), (15, 16), (30, 31)]                                                                                                                                                                                                                                                                        │       463.46 │             0.465859 │
├──────────────┼─────────────────────────────────────────────────────────────────────────────────────────────────────────────────────────────────────────────────────────────────────────────────────────────────────────────────────────────────────────────────────────────────────────────────────────────────────┼──────────────┼──────────────────────┤
│            3 │ [(1, 2), (12, 13), (28, 29)]                                                                                                                                                                                                                                                                        │       463.46 │             0.472865 │
├──────────────┼─────────────────────────────────────────────────────────────────────────────────────────────────────────────────────────────────────────────────────────────────────────────────────────────────────────────────────────────────────────────────────────────────────────────────────────────────────┼──────────────┼──────────────────────┤
│            2 │ [(8, 9), (15, 16)]                                                                                                                                                                                                                                                                                  │       463.81 │             0.49557  │
├──────────────┼─────────────────────────────────────────────────────────────────────────────────────────────────────────────────────────────────────────────────────────────────────────────────────────────────────────────────────────────────────────────────────────────────────────────────────────────────────┼──────────────┼──────────────────────┤
│            2 │ [(8, 9), (10, 11)]                                                                                                                                                                                                                                                                                  │       463.82 │             0.492611 │
├──────────────┼─────────────────────────────────────────────────────────────────────────────────────────────────────────────────────────────────────────────────────────────────────────────────────────────────────────────────────────────────────────────────────────────────────────────────────────────────────┼──────────────┼──────────────────────┤
│            2 │ [(4, 5), (14, 15)]                                                                                                                                                                                                                                                                                  │       463.83 │             0.487373 │
├──────────────┼─────────────────────────────────────────────────────────────────────────────────────────────────────────────────────────────────────────────────────────────────────────────────────────────────────────────────────────────────────────────────────────────────────────────────────────────────────┼──────────────┼──────────────────────┤
│            2 │ [(3, 4), (19, 20)]                                                                                                                                                                                                                                                                                  │       463.85 │             0.490146 │
├──────────────┼─────────────────────────────────────────────────────────────────────────────────────────────────────────────────────────────────────────────────────────────────────────────────────────────────────────────────────────────────────────────────────────────────────────────────────────────────────┼──────────────┼──────────────────────┤
│            1 │ [(16, 17)]                                                                                                                                                                                                                                                                                          │       464.17 │             0.498475 │
├──────────────┼─────────────────────────────────────────────────────────────────────────────────────────────────────────────────────────────────────────────────────────────────────────────────────────────────────────────────────────────────────────────────────────────────────────────────────────────────────┼──────────────┼──────────────────────┤
│            1 │ [(12, 13)]                                                                                                                                                                                                                                                                                          │       464.18 │             0.50445  │
├──────────────┼─────────────────────────────────────────────────────────────────────────────────────────────────────────────────────────────────────────────────────────────────────────────────────────────────────────────────────────────────────────────────────────────────────────────────────────────────────┼──────────────┼──────────────────────┤
│            1 │ [(30, 31)]                                                                                                                                                                                                                                                                                          │       464.19 │             0.467557 │
├──────────────┼─────────────────────────────────────────────────────────────────────────────────────────────────────────────────────────────────────────────────────────────────────────────────────────────────────────────────────────────────────────────────────────────────────────────────────────────────────┼──────────────┼──────────────────────┤
│            1 │ [(6, 7)]                                                                                                                                                                                                                                                                                            │       464.21 │             0.500018 │
├──────────────┼─────────────────────────────────────────────────────────────────────────────────────────────────────────────────────────────────────────────────────────────────────────────────────────────────────────────────────────────────────────────────────────────────────────────────────────────────────┼──────────────┼──────────────────────┤
│            0 │ []                                                                                                                                                                                                                                                                                                  │       464.58 │             0.54512  │
├──────────────┼─────────────────────────────────────────────────────────────────────────────────────────────────────────────────────────────────────────────────────────────────────────────────────────────────────────────────────────────────────────────────────────────────────────────────────────────────────┼──────────────┼──────────────────────┤
│           26 │ [(3, 4), (4, 5), (5, 6), (6, 7), (7, 8), (9, 10), (10, 11), (11, 12), (12, 13), (13, 14), (14, 15), (15, 16), (16, 17), (17, 18), (18, 19), (19, 20), (20, 21), (21, 22), (22, 23), (23, 24), (25, 26), (26, 27), (27, 28), (28, 29), (29, 30), (30, 31)]                                           │       inf    │             9.88243  │
├──────────────┼─────────────────────────────────────────────────────────────────────────────────────────────────────────────────────────────────────────────────────────────────────────────────────────────────────────────────────────────────────────────────────────────────────────────────────────────────────┼──────────────┼──────────────────────┤
│           28 │ [(0, 1), (1, 2), (2, 3), (3, 4), (4, 5), (5, 6), (6, 7), (8, 9), (9, 10), (11, 12), (12, 13), (13, 14), (14, 15), (15, 16), (16, 17), (17, 18), (18, 19), (19, 20), (20, 21), (21, 22), (22, 23), (23, 24), (24, 25), (25, 26), (26, 27), (27, 28), (28, 29), (30, 31)]                             │       inf    │            13.2824   │
├──────────────┼─────────────────────────────────────────────────────────────────────────────────────────────────────────────────────────────────────────────────────────────────────────────────────────────────────────────────────────────────────────────────────────────────────────────────────────────────────┼──────────────┼──────────────────────┤
│           29 │ [(0, 1), (2, 3), (3, 4), (4, 5), (5, 6), (6, 7), (7, 8), (8, 9), (9, 10), (10, 11), (11, 12), (12, 13), (13, 14), (14, 15), (15, 16), (16, 17), (17, 18), (18, 19), (19, 20), (21, 22), (22, 23), (23, 24), (24, 25), (25, 26), (26, 27), (27, 28), (28, 29), (29, 30), (30, 31)]                   │       inf    │             7.92857  │
╘══════════════╧═════════════════════════════════════════════════════════════════════════════════════════════════════════════════════════════════════════════════════════════════════════════════════════════════════════════════════════════════════════════════════════════════════════════════════════════════════╧══════════════╧══════════════════════╛

